date,AQI,CO,NO2,O3,PM10,SO2,气温,本站气压,三小时气压变化量,风速,露点温度,PM2.5
2023/1/1 2:00,55.11111111,0.84,45.05,19.05,69.6,22.15,-15.2,775.9,0.9,1,-18,40.25
2023/1/1 5:00,41.45,0.67,33.9,25.95,43.45,14.85,-16.9,776.2,0.2,0,-19.5,26.6
2023/1/1 8:00,69.9,1.085,46.25,11.15,68.2,14.35,-17,777.5,1.3,1,-19.2,48.65
2023/1/1 11:00,34.8,0.655,21.95,43.15,30.8,17.7,-5.3,777.5,0,4,-19.8,20.8
2023/1/1 14:00,23.25,0.46,9.3,57.95,22.05,9.25,-3.9,776.8,-0.7,5,-19.7,9.8
2023/1/1 17:00,34.35,0.515,17.8,47.6,34.05,12.4,-5.3,776.8,0,2,-20.6,14.15
2023/1/1 20:00,46,0.595,34.1,29.15,47.5,20.55,-9,777.7,0.9,1,-21.7,20.1
2023/1/1 23:00,65.1,1.01,53.6,9.9,78.85,16.8,-14.9,778.3,0.6,1,-20.9,39.6
2023/1/2 2:00,28.65,0.49,16.9,42.1,28.2,10.55,-8.9,778.6,0.4,3,-23,14.1
2023/1/2 5:00,36.8,0.58,32.2,25.25,31.25,17.7,-13.6,778.2,-0.5,1,-22.5,19.75
2023/1/2 8:00,41.15,0.875,39.7,16,44.25,18.35,-17.7,778.5,0.2,1,-22.2,24.35
2023/1/2 11:00,40.75,0.66,25.75,36.6,39.15,19.2,-7.5,778,-0.3,2,-21.4,18.65
2023/1/2 14:00,24.75,0.54,16.85,53.85,23.4,14.55,-5,775.8,-2.2,2,-22.5,12.45
2023/1/2 17:00,30.5,0.585,34.25,38.65,29.45,16.3,-7.7,775.5,-0.4,1,-22.3,16.85
2023/1/2 20:00,52.05,0.745,52.35,17.7,55.3,14.45,-13.1,775.7,0.2,1,-21.8,33.65
2023/1/2 23:00,74,1.125,61.05,7.15,87.85,30.25,-14.5,775.6,-0.1,1,-21.1,53.45
2023/1/3 2:00,74,1.29,62.3,4.95,88.3,34.65,-16.5,775.2,-0.4,1,-21.7,53.6
2023/1/3 5:00,84,1.565,59.45,4.65,99.6,28.2,-18.2,774.7,-0.6,0,-22,61.8
2023/1/3 8:00,81.5,1.73,52.55,7.1,97.6,19.25,-18.3,775.4,0.8,1,-21,58.7
2023/1/3 11:00,72.9,1.43,47.5,26.3,88.2,29.25,-6.5,775,-0.4,2,-18.8,54
2023/1/3 14:00,38,0.645,25.6,51.45,39.1,16.95,-3.7,773.5,-1.5,1,-21.3,21.6
2023/1/3 17:00,35.05,0.57,29.55,44.6,29.4,13.15,-6.7,773.9,0.4,1,-21,20.8
2023/1/3 20:00,64.85,1.01,66.7,10.15,70.05,15.15,-13.4,774.4,0.4,1,-20.1,43.5
2023/1/3 23:00,75.5,1.16,70.15,6,88.3,22.75,-16.3,774.5,0.2,0,-20.7,55
2023/1/4 2:00,100.6,1.495,62.3,5.35,119.15,24.2,-16.5,774.9,0.4,2,-21,75.15
2023/1/4 5:00,112.55,1.915,54.05,5.05,127.85,22.75,-17.4,774.5,-0.4,2,-20.9,84.9
2023/1/4 8:00,114.15,2.175,54.1,5.85,121.25,22.6,-17.1,775.2,0.6,2,-20.5,86.2
2023/1/4 11:00,124.5,2.405,59.85714286,17.9,139.8888889,32.9,-8.1,775,0,1,-16.9,94.22222222
2023/1/4 14:00,73.11111111,1.26,48.9,37.2,75.7,28.33333333,-2.5,773.5,-1.5,2,-19.4,52.25
2023/1/4 17:00,69.15,1.14,58.75,25.7,69.55,23.05,-5.8,773.4,-0.2,1,-19.5,49.25
2023/1/4 20:00,122.7,1.805,83.35,6.1,133,29.5,-11.2,773.8,0.3,0,-19.1,91.65
2023/1/4 23:00,159.75,2.26,78.55,6.85,183.95,33.55,-13.7,773.8,0.1,1,-19,121.4
2023/1/5 2:00,146.5,2.26,65.65,5.35,173.9,36.7,-14.2,773.5,-0.2,0,-19.2,111.05
2023/1/5 5:00,119.2,2.35,59.7,4.7,136.65,40.6,-15.2,773.2,-0.4,1,-18.8,90.05
2023/1/5 8:00,100.75,2.625,58.05,4.85,114.4,38.8,-12.2,772.8,-0.4,2,-17.4,75.3
2023/1/5 11:00,122.4,2.72,62.45,12.25,140.25,37.65,-5.4,772.3,-1,1,-13.9,92.65
2023/1/5 14:00,124.35,1.895,56.05,28.05,139.55,31.5,3,770.6,-1.6,4,-6.9,94.15
2023/1/5 17:00,165.3,1.765,70.4,16,172.4,25.65,0.5,770.2,-0.5,2,-5.7,125.25
2023/1/5 20:00,153.05,1.86,75.65,10.45,149.15,27.4,-3.7,769.7,-0.5,1,-8,116.3
2023/1/5 23:00,97.4,1.595,58.2,19.1,102.8,24.15,-8,769.5,-0.2,0,-10.7,72.45
2023/1/6 2:00,96.4,1.47,45.2,29.75,94.8,21.35,-7.5,768.2,-1.1,1,-9.7,71.75
2023/1/6 5:00,111.25,1.955,57.3,20.2,112.4,29.7,-6.1,766.3,-2,1,-8.2,83.75
2023/1/6 8:00,116,2.035,66.3,9,112.9,30.2,-5.1,765.6,-0.7,2,-8.2,87.4
2023/1/6 11:00,141.75,2,74.35,8.2,137.25,29.4,-2.4,763.9,-1.7,2,-6.6,107.95
2023/1/6 14:00,167.2,2.245,75.35,8.7,154.45,21.1,-2.4,762.2,-1.6,1,-2.8,126.6
2023/1/6 17:00,190.15,2.18,76.15,6.7,181.1,17.6,-1.9,762.5,0.3,1,-2.2,144.75
2023/1/6 20:00,243,1.965,59.3,6.15,236.9,16.45,-2.7,763.9,1.3,3,-5.3,193
2023/1/6 23:00,184.15,1.6,53,8.5,170.9,15.35,-4.5,764.8,1,2,-7.4,139.3
2023/1/7 2:00,129.1,1.145,46.75,9.2,125.15,14.5,-6.5,765.4,0.5,2,-10.2,97.8
2023/1/7 5:00,139.3,1.35,48.925,8.7,136.5625,15.6125,-9.8,765.9,0.5,1,-12.3,105.675
2023/1/7 8:00,149.5,1.555,51.1,8.2,147.975,16.725,-9.1,767.3,1.4,1,-11.8,113.55
2023/1/7 11:00,159.7,1.76,53.275,7.7,159.3875,17.8375,-5.5,767.6,0.3,2,-10.3,121.425
2023/1/7 14:00,169.9,1.965,55.45,7.2,170.8,18.95,-3.1,766.9,-0.8,2,-10.6,129.3
2023/1/7 17:00,180.1,2.17,57.625,6.7,182.2125,20.0625,-5.6,767.3,0.4,0,-10.2,137.175
2023/1/7 20:00,190.3,2.375,59.8,6.2,193.625,21.175,-10.2,767.4,0.1,0,-11.8,145.05
2023/1/7 23:00,200.5,2.58,61.975,5.7,205.0375,22.2875,-9.2,767.8,0.4,1,-10.4,152.925
2023/1/8 2:00,210.7,2.785,64.15,5.2,216.45,23.4,-8.3,766.9,-0.9,1,-10.2,160.8
2023/1/8 5:00,138.4,2.735,58.6,4.25,156.35,25.2,-7.5,765.4,-1.4,1,-9.7,105.45
2023/1/8 8:00,108.175,2.2125,53.95,16.725,128.35,27.15,-7,765.4,-0.1,1,-10.3,79.075
2023/1/8 11:00,77.95,1.69,49.3,29.2,100.35,29.1,3.1,765.5,0.3,3,-7.1,52.7
2023/1/8 14:00,69.55,0.885,31.15,52.2,90.05,20.25,5.2,765.7,0.1,3,-5.8,42.05
2023/1/8 17:00,55.75,0.61,31.65,45,62.75,13.5,2.2,768.2,2.6,2,-12,26.15
2023/1/8 20:00,63.85,0.645,36.3,33.35,75.95,13.35,0.8,770.2,1.9,2,-13.3,24.55
2023/1/8 23:00,54.05,0.68,36.4,32.45,61,13.7,-3.5,771.4,1.3,1,-15.2,18.25
2023/1/9 2:00,43.1,0.54,34.3,38.05,42.05,15.05,-2.3,772.3,0.9,3,-17.9,16.15
2023/1/9 5:00,30.2,0.45,29.05,41.85,30.1,17.55,-4.5,772.9,0.5,2,-17.7,13.05
2023/1/9 8:00,30.5,0.515,30.15,40.05,32.45,12.35,-5.7,774.4,1.4,2,-17.1,14.95
2023/1/9 11:00,28.88888889,0.46,21.8,51.61111111,27.95,13.95,-3.1,775.2,0.9,2,-16.7,13.15
2023/1/9 14:00,28,0.433333333,18.8,58.95,25.75,11.25,-1.3,775.1,-0.1,4,-17.9,14.4
2023/1/9 17:00,28.33333333,0.45,27.38888889,49.45,27.1,9.9,-4,775.9,0.7,2,-17.2,14.55
2023/1/9 20:00,49.8,0.76,62.95,12.5,50.45,14.3,-9.4,776.2,0.3,1,-15.9,31
2023/1/9 23:00,65.45,1.175,64.2,6.6,68.05,20.65,-11.9,775.5,-0.7,0,-16.1,46.6
2023/1/10 2:00,91.9,1.37,57.65,5.8,96.2,22.8,-13.9,775.1,-0.4,1,-17.4,68.15
2023/1/10 5:00,83.25,1.555,51.65,5.15,90.05,22.8,-15.1,774.1,-1,1,-17.9,61.15
2023/1/10 8:00,72.05,1.895,50.2,5.85,77.9,31.1,-13.8,773.1,-1.1,2,-16.8,52.6
2023/1/10 11:00,65.11111111,1.875,51.83333333,24.95,70.85,29.7,0.6,771.1,-1.9,2,-15,46.35
2023/1/10 14:00,58.7,1.07,33.75,53.45,68.5,20.6,6.1,768.4,-2.6,5,-13.5,28.1
2023/1/10 17:00,69.61111111,1.075,40.35,45.75,85.25,20.05,3.3,767.9,-0.5,7,-11.8,31.88888889
2023/1/10 20:00,65.75,1.3,49.2,30.8,81.2,26.1,0.1,768.6,0.7,1,-11.6,39.95
2023/1/10 23:00,67.8,1.09,47.4,29.25,85.2,21.15,-0.6,767.8,-0.8,2,-13.2,43.65
2023/1/11 2:00,56.1,0.97,37.2,37.2,61.8,19,-5.5,767.6,-0.1,1,-13.3,33.25
2023/1/11 5:00,48.9,1.275,33.8,39.3,50.9,21.55,-6.1,767.1,-0.6,1,-12.2,27.65
2023/1/11 8:00,48.2,1.15,40.7,32.85,46.95,20.4,-3.2,766.8,-0.3,2,-8.8,29.2
2023/1/11 11:00,48.2,0.725,26.05,54.6,55.15,14.05,4.8,766,-0.6,4,-8,27.9
2023/1/11 14:00,97.3,0.9,32.25,69.5,143.5,19.65,7.7,764.2,-1.9,4,-7.2,61.35
2023/1/11 17:00,87.4,0.85,37.1,58.75,119.65,17.15,4.3,764.5,0.3,2,-6.6,63.2
2023/1/11 20:00,76.15,1.03,37,44.25,88.05,17.75,2.4,765.1,0.6,2,-6.4,55.55
2023/1/11 23:00,73.95,1.185,37.95,39.65,81.3,19.15,-0.7,765,-0.1,1,-6.3,53.85
2023/1/12 2:00,61,1.05,29.65,46.2,65.6,18.75,1.3,764.7,-0.2,1,-4.8,42.15
2023/1/12 5:00,45.35,0.965,22.5,53.85,41.75,18.4,1.8,764.1,-0.7,1,-3.3,28.2
2023/1/12 8:00,49.8,0.895,25,48.45,46.15,16.15,4.2,764.3,0.2,3,-1,32.35
2023/1/12 11:00,44.65,0.765,23.5,53.55,41.25,14.65,6.3,763.9,-0.3,3,-0.4,29.35
2023/1/12 14:00,43.75,0.595,17.95,72.55,41.15,12.65,7.8,761.8,-2.1,3,0.8,25.65
2023/1/12 17:00,46.9,0.69,25.7,61,45.5,12.25,5.9,762.4,0.6,2,0.7,29.7
2023/1/12 20:00,53.7,0.995,36.15,47.65,53.1,15.3,2.3,762.1,-0.3,1,-0.3,37.3
2023/1/12 23:00,48.9,1.045,32.75,48.75,47.8,17.9,4.6,762,-0.1,1,0.4,31.65
2023/1/13 2:00,55.95,1.15,48.85,20.95,55.55,16.95,4,761.2,-0.8,1,3.4,38.55
2023/1/13 5:00,54.6,1.235,45.25,14.65,55.1,14.25,3.6,760.6,-0.6,1,3.6,38
2023/1/13 8:00,59.95,1.095,41.25,13.3,54.55,11.35,4.1,762.1,1.5,5,4.1,42.1
2023/1/13 11:00,66.9,0.665,15.9,42.65,60.45,8.3,-2.9,765.4,3.2,7,-5.7,47.4
2023/1/13 14:00,47.2,0.55,13.35,50.9,46.9,8.4,-3.8,766.2,0.7,7,-7.9,28.5
2023/1/13 17:00,37.85,0.48,12.2,56.2,38,8.5,-4.1,769,2.8,7,-12,18.35
2023/1/13 20:00,36.9,0.45,10.75,56.9,37.95,8,-5,771.2,2.3,6,-12,15.3
2023/1/13 23:00,34.25,0.39,7.85,62.25,34.45,7.8,-6.2,772.6,1.2,6,-15.9,11
2023/1/14 2:00,35.2,0.38,6.45,61.1,35.35,7.45,-8.3,773.3,0.7,6,-16.9,8.7
2023/1/14 5:00,31.75,0.38,5.45,60,31.25,7.85,-10.3,774,0.7,6,-18.5,7
2023/1/14 8:00,28.1,0.41,8.4,60.2,27.5,8.1,-12.1,775.6,1.5,5,-23.5,7.1
2023/1/14 11:00,32.9,0.44,8.1,62.35,32.9,8.35,-11.4,775.3,-0.3,6,-24.8,9.95
2023/1/14 14:00,35,0.465,8.8,59.4,35.15,8,-12.3,774.7,-0.6,6,-22.9,12.8
2023/1/14 17:00,32.9,0.44,9.3,60.05,32.9,7.75,-13.2,774.7,0,5,-25.1,12.55
2023/1/14 20:00,30.65,0.45,9.05,57.9,30.35,8.05,-14,775,0.3,6,-26.5,14.25
2023/1/14 23:00,34.55,0.495,11.35,52.95,34.55,8.65,-15.1,775.2,0.1,4,-26.5,17.75
2023/1/15 2:00,35.35,0.53,15.7,43,35.3,10.55,-16.2,774.4,-0.8,3,-24.9,20.4
2023/1/15 5:00,33.45,0.575,21.55,35.1,33,11.55,-17.1,773.6,-0.7,1,-25.3,20.55
2023/1/15 8:00,37.85,0.685,32.95,22.05,36.55,14.45,-17.7,773.4,-0.3,1,-24.4,24.2
2023/1/15 11:00,34.5,0.64,22.4,45.8,32.95,18.05,-12.9,772.3,-1.1,2,-26.9,21.9
2023/1/15 14:00,29,0.595,23.4,51.1,28.55,19.4,-9.7,769.9,-2.3,1,-25.2,18.8
2023/1/15 17:00,29.35,0.535,27.4,45.7,26.1,12.4,-11.8,770.5,0.5,1,-24.5,18.85
2023/1/15 20:00,49.1,0.77,53.4,16.6,49.1,15.65,-15,771.4,0.9,1,-21.8,33.9
2023/1/15 23:00,64.25,0.87,52.6,14.8,64.2,14.35,-16.6,772.2,0.8,1,-21.8,45.7
2023/1/16 2:00,86.65,1.095,52.95,8.2,86.6,13.65,-18.1,772.9,0.7,1,-22.1,64.05
2023/1/16 5:00,77.05,1.16,47.35,8.6,77,11.5,-19.7,772.3,-0.5,1,-22.7,55.2
2023/1/16 8:00,80.95,1.48,47.65,7.45,84.5,14.6,-18.8,773.2,0.8,1,-21.4,61.05
2023/1/16 11:00,59.35,1.025,31.8,36.1,62.65,21.25,-9.2,772.9,-0.1,2,-20.9,40.25
2023/1/16 14:00,33.7,0.635,18.15,57.6,31.35,12.2,-6.4,770.4,-2.6,3,-21.9,21.15
2023/1/16 17:00,33.8,1.035,33.2,43.7,32.05,17.95,-7.3,770.1,-0.3,2,-23.5,20.35
2023/1/16 20:00,47,1.055,47.15,27.65,46.95,21.5,-12.3,770.3,0.2,1,-21.1,30.15
2023/1/16 23:00,56.6,1.285,52.55,17.65,58.25,23.95,-14.1,769.6,-0.7,1,-20.6,37.25
2023/1/17 2:00,53.2,1.5,52.95,13.9,60.05,24.5,-14.8,769,-0.5,0,-19.6,32.1
2023/1/17 5:00,63.9,2.185,56.45,5.9,76.2,27.55,-15.9,768.7,-0.4,1,-19.6,42.35
2023/1/17 8:00,63.75,2.105,53.8,6.65,73.9,26.2,-15.4,769.3,0.6,1,-18.4,43.8
2023/1/17 11:00,82.88888889,1.722222222,46.61111111,24.55,97.3,31.6,-5,769.5,0.3,2,-14.8,56.7
2023/1/17 14:00,73.6,0.645,20,56.15,96.75,16.9,-2.9,769,-0.5,4,-17.3,35.1
2023/1/17 17:00,63.5,0.475,17.8,52.75,76.75,10.65,-4.9,770.3,1.2,2,-18,22.55
2023/1/17 20:00,67.75,0.67,36.2,31.35,81,14.2,-6.3,771.8,1.5,2,-19.9,34.8
2023/1/17 23:00,66.5,0.67,44.2,20.05,82.4,14.2,-13.2,772.3,0.6,0,-18.9,38.05
2023/1/18 2:00,70.3,0.885,51.35,8.95,90.25,15.85,-16.3,772.4,0,0,-19.4,41.85
2023/1/18 5:00,78.4,1.13,49.55,5.85,103.85,14.9,-17.8,771.3,-1.1,0,-20.4,52.65
2023/1/18 8:00,78.55,1.42,41.65,6.6,105.5,21.85,-16.3,770.5,-0.7,1,-19.1,53.05
2023/1/18 11:00,72.95,1.62,35.95,30.05,93.3,27.1,-4,768.7,-1.8,2,-17.2,47.1
2023/1/18 14:00,86.3,0.635,13.85,63.55,119.25,13.65,-2.25,766.8,-1.25,3.5,-15.15,25.8
2023/1/18 17:00,90.85,0.67,19.2,59.7,128.15,13.7,-0.5,764.9,-0.7,5,-13.1,25.2
2023/1/18 20:00,80.35,0.855,28.2,43.65,110.4,16.15,-2.9,765.1,0.2,3,-14,33.95
2023/1/18 23:00,70.7,0.69,18.75,54,90.7,14,-3,764.8,-0.2,3,-11,27.65
2023/1/19 2:00,100.9,1.19,30.1,40.55,151.2,17.55,-4.1,764.5,-0.2,2,-9.3,51.25
2023/1/19 5:00,106.8,1.275,35.25,26.9,163.25,18.25,-6.1,764.1,-0.5,2,-9.1,60.05
2023/1/19 8:00,109.15,1.435,43.7,14.6,167.95,22.85,-7.4,764.6,0.5,1,-8.5,65.35
2023/1/19 11:00,113.65,1.27,34.35,36.25,177.05,22.25,0.1,763.8,-0.8,3,-10.1,68.3
2023/1/19 14:00,88.1,0.545,11.6,62.05,125.85,9.3,1.9,762.3,-1.5,3,-17.1,25.3
2023/1/19 17:00,96.15,0.57,17.05,57.6,142.05,10.4,1.2,762.7,0.4,4,-14.1,28.15
2023/1/19 20:00,122.8,0.51,13.15,49.3,195.25,9.9,-3.5,765.7,3,3,-11,34.95
2023/1/19 23:00,66.6,0.485,13.2,47.85,82.95,9.8,-6.5,769,3.2,5,-14.3,22.2
2023/1/20 2:00,62.3,0.42,6.1,48.5,74.3,7.95,-10.5,771.5,2.6,4,-25.1,12.45
2023/1/20 5:00,42.7,0.39,5.1,47.75,44.65,8.75,-12.6,773.4,1.8,5,-26.2,10.95
2023/1/20 8:00,41.9,0.415,9.15,44.55,43.55,9.35,-14,775.5,2,4,-27.5,12.15
2023/1/20 11:00,41.8,0.445,5.5,55.05,42.2,8.05,-12.4,776.2,0.7,3,-26.4,11.75
2023/1/20 14:00,32.15,0.425,5.75,58.35,32.15,9.1,-10.8,774.7,-1.4,2,-27.5,12.25
2023/1/20 17:00,31.6,0.46,11.7,54.45,31,9.7,-11.7,774.7,0,2,-27,13.6
2023/1/20 20:00,45.6,0.615,22.9,41.45,45.75,11.65,-16.6,774.4,-0.5,1,-24.8,23.4
2023/1/20 23:00,46.65,0.725,25.4,35.85,47.1,15.45,-18.5,773.4,-1.1,0,-24.3,24.05
2023/1/21 2:00,55.45,1.495,45.3,11.1,61.4,25.35,-17.5,772.2,-1.7,1,-23,32.6
2023/1/21 5:00,52.7,1.795,43.3,13.15,57.5,26.3,-17.6,769.9,-2.3,1,-22.6,30.85
2023/1/21 8:00,48.15,1.535,37,24.2,48.75,24.9,-14.8,769.4,-0.4,0,-20.1,26.55
2023/1/21 11:00,51.55,0.705,12.2,56.5,56.05,13.2,-3.6,769.1,-0.3,4,-15.2,22.2
2023/1/21 14:00,58.05,0.675,12.6,61.95,66.35,14.5,-0.1,767.9,-1.1,7,-10.6,23.8
2023/1/21 17:00,54.4,0.635,14.8,63.45,59.45,11.95,-0.5,768.7,0.8,5,-9.6,25.05
2023/1/21 20:00,73.7,1.115,22.9,42.05,92.15,16.7,-6,770.3,1.5,1,-11.9,50.05
2023/1/21 23:00,119.3,1.045,27.75,27.45,131.75,18.45,-7.1,770.7,0.6,2,-10.3,89.85
2023/1/22 2:00,213.35,1.05,31.45,15.4,248.95,26.45,-8.1,771.1,0.4,1,-11.9,165.75
2023/1/22 5:00,242.8,1.12,25.95,14.7,246.05,15.95,-8.9,769.8,-1.3,2,-10.8,195.35
2023/1/22 8:00,230,1.315,25.75,9.25,213.4,15.55,-11,770.7,0.8,3,-14.7,180
2023/1/22 11:00,249.1,1.34,18.25,23.05,239.55,15.15,-10.6,771.7,1,3,-14.5,199.1
2023/1/22 14:00,217.75,1.15,18.45,29.3,211.35,14.5,-12.1,771.4,-0.4,4,-16.6,168.15
2023/1/22 17:00,147.25,0.885,16.4,40.3,154,12.45,-13.4,773,1.6,5,-17,112.2
2023/1/22 20:00,109.25,0.75,13.35,41.1,111.25,11.8,-15.3,774.4,1.3,6,-20.9,82.1
2023/1/22 23:00,89.35,0.71,10.95,40.5,89.45,10.8,-17.3,775.8,1.4,4,-22.7,66.2
2023/1/23 2:00,85.75,0.685,10.55,38.5,85.1,9.05,-18.9,776,0.3,4,-23.2,63.25
2023/1/23 5:00,58.4,0.645,11.1,37.75,57.8,11.4,-20.1,777.1,1,4,-24.5,40.85
2023/1/23 8:00,36.5,0.545,7.75,45,35.5,9.55,-20.3,779.3,2.2,4,-25.5,21.65
2023/1/23 11:00,30.05,0.535,4.9,56.15,24.2,9.45,-18.1,779.1,-0.2,3,-27.4,19.7
2023/1/23 14:00,26.2,0.405,4.95,58.85,23.75,8.55,-17.2,778.5,-0.6,4,-29,14.35
2023/1/23 17:00,32.1,0.405,7.4,56.65,31.3,8.7,-18,778.6,0,3,-31.4,14.15
2023/1/23 20:00,54.3,0.485,11.5,51,61.4,8.85,-17.9,778.7,0.1,3,-31.3,19.2
2023/1/23 23:00,50.85,0.465,12.05,50.1,55.05,10.5,-18.6,778.4,-0.2,3,-31.9,14.95
2023/1/24 2:00,30.95,0.42,5.95,57.05,30.85,8.05,-20.1,777.7,-0.7,3,-31.6,10.4
2023/1/24 5:00,31.95,0.435,7.1,53.7,31.95,9,-21.2,777.7,-0.1,3,-32.3,8.45
2023/1/24 8:00,35.25,0.46,8.65,51.5,35.25,10.85,-21.5,778,0.3,4,-32.9,9.35
2023/1/24 11:00,30.66666667,0.455,5.2,59.77777778,30,9.75,-19,777.7,-0.2,3,-31.3,8.8
2023/1/24 14:00,26.33333333,0.365,4.111111111,63.65,25.35,8,-16.4,776.8,-0.9,3,-30.3,8.5
2023/1/24 17:00,32.45,0.395,7.8,61,32.75,8.3,-16.3,777,0.2,1,-30.2,9.9
2023/1/24 20:00,49.5,0.54,26.4,39.5,52.95,16.15,-20.6,776.8,-0.3,1,-28.5,21.4
2023/1/24 23:00,59.3,0.785,28.4,34,68.6,15.8,-19.1,775.6,-1.1,2,-28.6,32.65
2023/1/25 2:00,60.75,1.28,36.5,23.05,70.05,25,-22.6,775.1,-0.5,1,-28.1,36.2
2023/1/25 5:00,56.25,1.58,43.55,15.75,62.15,27.45,-23.6,773.2,-2,1,-27.5,29.4
2023/1/25 8:00,70.75,2.15,44.3,11.1,89.45,33.55,-21.3,772,-1.2,2,-26.5,49.4
2023/1/25 11:00,73.55,1.78,33,37,86,29.55,-9.2,769.6,-2.1,3,-20.9,50.7
2023/1/25 14:00,67.4,0.5,8.7,65.4,84.6,8,-4.8,766.3,-3.4,5,-24.3,17.55
2023/1/25 17:00,73.5,0.615,15.8,64.9,96.75,10.15,-5.6,765.8,-0.5,5,-19.3,22.35
2023/1/25 20:00,64.45,0.865,23.1,48.05,78.75,15.75,-10.2,766.9,1.1,2,-15.3,32.85
2023/1/25 23:00,58.75,1.04,27.15,38.4,67,15.75,-11.9,766.9,0.1,0,-15.4,32.15
2023/1/26 2:00,55,0.895,27.85,37.85,59.2,16.2,-12.9,766.9,0,0,-15.6,30.5
2023/1/26 5:00,57.95,1.19,36.65,24.15,63.4,15.05,-15.1,767.4,0.5,1,-17.3,35.65
2023/1/26 8:00,66.6,1.02,33.15,21.25,75.35,17.25,-12.1,769.5,2,4,-17.2,46.65
2023/1/26 11:00,42.2,0.45,11.5,56.35,43.05,10.5,-9.4,771,1.5,3,-25,24
2023/1/26 14:00,38.1,0.38,7.45,62.05,37.65,8.2,-8.6,770.5,-0.4,4,-25.6,19.45
2023/1/26 17:00,38.9,0.395,11.6,56.95,38.75,9.85,-10.5,771.4,0.9,2,-25.9,20.95
2023/1/26 20:00,58.35,0.605,27.25,36.5,63.15,12.7,-15.6,772.3,0.8,1,-24.1,39.3
2023/1/26 23:00,85.65,0.82,43.25,16.05,94.25,18.9,-18.2,772.1,-0.2,0,-23.9,63.3
2023/1/27 2:00,84.8,0.9,47.2,10.9,93.5,15.9,-19.7,771.7,-0.4,1,-24.3,62.65
2023/1/27 5:00,90.9,0.98,39.8,12.25,97.8,14.7,-19.6,771.1,-0.6,1,-23.7,67.4
2023/1/27 8:00,84.6,1.1,37.15,12.05,88.1,12.7,-19.6,771.9,0.7,1,-23.5,62.35
2023/1/27 11:00,47.2,0.55,15.05,51.1,51,12.75,-9.8,772.2,0.3,4,-22.7,31.65
2023/1/27 14:00,27.2,0.345,6.6,64.4,23.4,9.2,-8.6,771.4,-0.8,3,-24.3,14.55
2023/1/27 17:00,28.45,0.36,11.25,61.5,25.55,9.9,-9.3,770.8,-0.6,1,-24.9,15.95
2023/1/27 20:00,50.55,0.665,45.2,26.2,49.4,14.85,-15.3,769.8,-1,1,-23.6,32.25
2023/1/27 23:00,54.7,0.74,40.55,26.25,59.65,19.5,-17.2,768.2,-1.5,1,-23.5,35.4
2023/1/28 2:00,59.1,1.115,46.15,16.45,66.1,28.7,-17.6,767.2,-1,0,-23.5,37.95
2023/1/28 5:00,65.15,1.46,47.65,11,73.35,25.05,-19.3,766.6,-0.6,1,-23.5,45.8
2023/1/28 8:00,62.8,1.1,41.65,13.15,70.95,20.1,-17.8,767.4,0.7,1,-21.3,44.3
2023/1/28 11:00,43.8,0.51,17.25,46.35,42.05,15.25,-6.2,767.1,-0.2,2,-20.2,21.5
2023/1/28 14:00,34,0.405,11.6,59.65,34,10.8,-3.5,765.5,-1.5,4,-20.3,16.6
2023/1/28 17:00,31.95,0.4,15.95,56.6,31.95,10.6,-3.8,765,-0.5,2,-20.5,14.95
2023/1/28 20:00,56,0.705,47.75,23.05,62.95,17.4,-8.2,764.8,-0.3,1,-19.1,34.9
2023/1/28 23:00,61,1.055,40.85,27.55,71.65,26.3,-12.3,762.7,-2,0,-18.9,34.05
2023/1/29 2:00,51.2,1.035,30.2,35.25,55.25,18.9,-10.3,760.7,-1.9,1,-17.6,22.7
2023/1/29 5:00,53.7,0.995,29.9,29.9,58.55,18.9,-6.6,759.8,-0.8,1,-16.3,23
2023/1/29 8:00,59.15,0.97,37.95,16.35,67.8,21.8,-4.6,761.5,1.5,2,-11.8,30.15
2023/1/29 11:00,56.8,0.51,15.6,51.45,64,12.85,-1.5,762.7,1.3,4,-14.3,24.05
2023/1/29 14:00,35.35,0.365,8.1,66.1,35.35,8.6,0.2,763,0.3,3,-13.8,13.45
2023/1/29 17:00,31.7,0.39,13.55,61.9,30.8,8.7,-1.1,764.8,1.8,2,-15,14
2023/1/29 20:00,51.45,0.72,51.95,21.55,52.5,12.55,-7,765.8,1,1,-15,31.6
2023/1/29 23:00,51.7,0.665,39.95,28.05,55.2,15.5,-3,766.2,0.4,2,-16.3,30.65
2023/1/30 2:00,28.9,0.45,25.95,37.25,27.7,15.45,-5.1,767.5,1.3,2,-16.6,14.8
2023/1/30 5:00,29.1,0.555,38.55,21.8,28.9,15.25,-12.8,767.8,0.3,1,-18,15.65
2023/1/30 8:00,45.65,0.875,48.65,11.3,46.1,16.3,-12,768.5,0.6,1,-15.4,28.2
2023/1/30 11:00,50.35,0.79,31.75,39.8,52.25,19.9,-1.2,768,-0.4,2,-14.7,31.55
2023/1/30 14:00,24.95,0.47,13.6,65.1,24.15,11.6,1.5,765.4,-2.6,3,-15.9,14.85
2023/1/30 17:00,36.55,0.925,32.05,50.85,36.1,18.55,-1.4,764.2,-1.3,1,-16,21
2023/1/30 20:00,79,1.49,72.3,11.85,86.4,23,-6.5,763.3,-0.9,1,-15,61.9
2023/1/30 23:00,66.7,1.315,61.3,11.6,73,25,-9,762.3,-0.9,1,-15.3,47.9
2023/1/31 2:00,53.95,1.345,47.3,23.8,59.15,24.2,-8.6,760.8,-1.5,1,-12.6,30.8
2023/1/31 5:00,57.7,1.445,44.4,23,65.4,22.85,-8.7,759.4,-1.3,2,-12,33.8
2023/1/31 8:00,58.4,1.57,49.75,18.3,66.6,21.55,-6.1,760,0.4,1,-9,36.4
2023/1/31 11:00,74.2,0.99,35,36.75,90.85,19.45,-0.2,760.2,0.3,3,-5.2,54.9
2023/1/31 14:00,69.4,0.805,28.85,61.15,87.4,22.65,2.4,759.4,-0.7,4,-11.1,48.85
2023/1/31 17:00,66.1,0.745,33.55,57.95,80.15,15.7,0.9,760.6,1.1,2,-13.9,45.5
2023/1/31 20:00,84.1,0.94,57.4,28.8,96.75,15.6,-5.2,761.9,1.3,1,-13.5,61.65
2023/1/31 23:00,106.75,1.08,56.25,22.5,119.4,18.25,-6.9,762.8,1,0,-13.8,80.15
2023/2/1 2:00,67.9,0.755,35.65,33.05,77.65,17.05,-2.7,764.8,1.9,3,-11,49
2023/2/1 5:00,49.45,0.365,11.9,58.05,53.65,9,-4.1,766.3,1.5,4,-16.6,13.2
2023/2/1 8:00,65.28571429,0.425,16.38888889,54.55555556,74.8,8.7,-4.8,768,1.7,3,-17.3,13.7
2023/2/1 11:00,68.55,0.415,11.75,60.05,90,7.35,-4,769.9,1.9,4,-16.9,15.35
2023/2/1 14:00,68.95,0.39,9.1,66,84.9,7.65,-2.5,770.3,0.4,5,-17.7,14.9
2023/2/1 17:00,69.95,0.405,12.2,61.3,89.65,7.05,-2.8,771.5,1.2,4,-19.2,14.3
2023/2/1 20:00,79.65,0.54,28.75,37.65,108.7,10.35,-4,773.1,1.6,2,-22.1,23
2023/2/1 23:00,77.3,0.51,23.05,39.2,104.15,9.5,-6.2,774.3,1.1,3,-21.3,20.8
2023/2/2 2:00,48.3,0.405,15.85,47.6,50.4,8.95,-8.4,775.3,1,3,-21.5,14.15
2023/2/2 5:00,37.1,0.38,17.6,45.75,38.15,12.75,-9.9,775.1,-0.2,2,-21.5,12.75
2023/2/2 8:00,43.55,0.57,39.25,23.45,45,15.75,-12.2,775.8,0.7,1,-19.8,18
2023/2/2 11:00,42.25,0.55,23.05,48.3,44.4,15.9,-6.1,775.6,-0.2,2,-20.5,20.45
2023/2/2 14:00,36.3,0.455,14.3,62.1,36.3,12.9,-3.7,773,-2.6,2,-22.9,18.45
2023/2/2 17:00,39.95,0.485,23.45,54.3,39.95,12.1,-4.9,772.5,-0.5,1,-22.9,22.45
2023/2/2 20:00,57.65,0.655,49.9,26.85,60.2,14.75,-8.6,772.4,-0.2,0,-20.7,36.9
2023/2/2 23:00,96.45,0.985,69.3,10.45,103.35,22.75,-11.7,772,-0.3,1,-19.8,71.1
2023/2/3 2:00,109.2,1.105,57.3,13.95,113.35,21.9,-12.9,771.1,-0.9,0,-19.6,82.1
2023/2/3 5:00,88.05,1.27,52.6,6.1,98.6,21.25,-12.8,769.6,-1.5,1,-18.9,65.05
2023/2/3 8:00,85.65,1.83,47.7,7.9,91.4,23.1,-12.4,769.7,0,1,-18.4,63.15
2023/2/3 11:00,74.35,1.46,47.55,30.5,83.65,25.7,-2.5,769,-0.6,2,-18.5,54.2
2023/2/3 14:00,60.85,1.005,27.95,57.6,66.5,20.6,0.4,766.5,-2.4,3,-11.6,40.3
2023/2/3 17:00,81.35,1.015,35.5,52.8,86,14.55,-0.4,766.5,0,2,-10.6,59.7
2023/2/3 20:00,106.1,1.49,79.95,8.75,115.3,21.2,-6,767.2,0.6,1,-11.9,79.6
2023/2/3 23:00,174.3,1.75,76.1,9.725,178.25,20.325,-9.6,767.9,0.8,1,-13.2,136.65
2023/2/4 2:00,242.5,2.01,72.25,10.7,241.2,19.45,-10.8,768.4,0.4,1,-13,193.7
2023/2/4 5:00,50.9,0.6,29.75,37.1,47.7,13.25,-7.5,768.7,0.4,2,-17.9,33.3
2023/2/4 8:00,49.1,0.68,47.65,18.7,45.85,15.5,-10.5,769.9,1.1,1,-15.8,31.65
2023/2/4 11:00,40.05,0.585,28.6,49.55,38.55,19.5,-3.7,769.9,0,2,-16.9,25.75
2023/2/4 14:00,32.75,0.47,20.5,65.95,30.5,12.15,-0.4,768.2,-1.6,3,-16.3,20.95
2023/2/4 17:00,71.5,0.645,36.2,70.75,70.35,16.4,-1.2,767.4,-0.8,1,-17,51.35
2023/2/4 20:00,143.15,1.25,75.3,22.85,139.35,25.3,-7.1,767.5,0,1,-16.3,108.15
2023/2/4 23:00,136.85,1.775,69.95,17.9,140.25,33.2,-5.1,767.4,0,2,-16.6,103.55
2023/2/5 2:00,50.7,0.94,34.8,44.7,55.7,19.05,-9.6,766.1,-1.3,1,-17,32.25
2023/2/5 5:00,46.05,1.125,33.55,42,47.85,19.6,-10.5,765.4,-0.7,0,-17,28.7
2023/2/5 8:00,63.05,1.685,49.75,23.25,70.2,24.9,-10,765.6,0.1,1,-14.8,44.3
2023/2/5 11:00,81.35,1.285,41.35,46.95,97.15,23.85,4.4,764.8,-0.7,3,-13,59.75
2023/2/5 14:00,94.7,1,36.2,67.5,121.75,17.7,6.2,763.6,-1.1,4,-8.1,69.3
2023/2/5 17:00,113.65,1,48.1,44.25,132.75,18.75,3.3,764.8,1.2,2,-8.7,85.7
2023/2/5 20:00,139.95,1,42.8,35.6,167.1,18.6,-1.1,766.9,2,2,-12.7,106.25
2023/2/5 23:00,93.55,0.67,25.35,51.7,109.2,13.55,-3.1,768,1.1,3,-12.6,68.4
2023/2/6 2:00,78.95,0.635,26.35,39.4,88.4,13.85,-6.3,768.7,0.7,1,-13.6,57.9
2023/2/6 5:00,85.4,0.675,36.1,28.5,91.25,15.05,-7.2,768.8,0.2,2,-14.3,62.55
2023/2/6 8:00,105.4,0.82,40.8,20.85,102.6,14.75,-6.9,769.6,0.7,1,-13.8,78.95
2023/2/6 11:00,63.8,0.61,26.5,50.65,55.9,12.9,-1.3,769.6,0,3,-19.3,45.65
2023/2/6 14:00,48.4,0.505,17.3,66.95,40.65,10.95,0.8,768.2,-1.3,2,-18.5,31.45
2023/2/6 17:00,42.6,0.465,18.15,68.6,41.35,9.7,-1.2,768.7,0.4,2,-17.8,26.75
2023/2/6 20:00,58.25,0.74,61.25,23.05,59.55,13.65,-6.8,769.4,0.6,0,-17,39.7
2023/2/6 23:00,75.25,1.055,72.95,9.35,87.4,15.35,-9.2,770.2,0.9,1,-16.6,60.8
2023/2/7 2:00,92.15,1.13,67.65,6.3,100.5,19.1,-9.8,770.4,0.2,1,-16.1,68.3
2023/2/7 5:00,100,1.395,63.4,7.4,114.2,21.85,-11,770.3,-0.1,1,-15.6,74.75
2023/2/7 8:00,103.4,1.52,54.7,9.95,114.35,20.65,-9,771.1,0.7,2,-14.9,77.45
2023/2/7 11:00,57.05555556,0.785,35.5,42.11111111,58.55,17.45,-1.9,770.7,-0.3,1,-15,41.15
2023/2/7 14:00,37.25,0.6,25.75,55.5,35.6,13.45,0.5,769.1,-1.6,2,-16.3,22.4
2023/2/7 17:00,41.4,0.525,25.6,51.75,40.65,10.2,-0.8,769.9,0.7,2,-17.9,23.35
2023/2/7 20:00,42.8,0.6,29.6,41.9,41.3,11.4,-4,770.5,0.6,0,-15.9,25.25
2023/2/7 23:00,57.65,0.74,53.8,15.9,60.3,16.15,-7.6,771.5,1.1,1,-15.1,37.5
2023/2/8 2:00,71.65,0.975,60.15,6.3,78.15,16.75,-12.2,772.4,0.8,0,-16.4,50.35
2023/2/8 5:00,81.75,1.07,53.3,8.55,90.9,13.9,-13.1,772.9,0.5,1,-16.3,59.55
2023/2/8 8:00,89.9,1.23,49.8,10.9,96,14.35,-10.3,774.1,1.2,1,-14,65.85
2023/2/8 11:00,52.7,0.855,41.8,37.35,59.05,19.75,-1,774.4,0.3,2,-13.9,39.7
2023/2/8 14:00,32.6,0.445,14.4,72.25,30.35,8.85,1.7,773.2,-1.1,3,-16.7,19
2023/2/8 17:00,34.55,0.47,21.25,71.25,34.4,8.9,0.7,773.6,0.3,1,-17.6,19.15
2023/2/8 20:00,55.6,0.81,79.55,11.45,60.3,14.9,-6,774.5,0.9,1,-15.5,36.9
2023/2/8 23:00,109.25,1.255,79.85,8.3,117.25,18.95,-9.4,774.7,0.2,0,-16.3,80.35
2023/2/9 2:00,126.15,1.445,71.95,7.45,143.65,21.3,-11.3,774.5,-0.1,0,-16.6,95.4
2023/2/9 5:00,97.3,1.435,57.5,5.8,112.1,30.9,-11.6,774.6,0,1,-16.1,72.55
2023/2/9 8:00,94.15,1.675,51.05,8.3,102.3,23.55,-9.3,774.3,-0.3,2,-14.7,70.1
2023/2/9 11:00,95.3,1.6,51.3,27.1,107.5,22.2,-1.3,772,-2.2,2,-13.5,70.4
2023/2/9 14:00,59.65,1.065,39,53.5,63.35,15.2,2.8,769.9,-2.1,1,-14.4,40.85
2023/2/9 17:00,75.8,1.485,61.05,36,85.85,25.65,1.9,768.2,-1.7,1,-16.1,55.1
2023/2/9 20:00,143.95,1.795,90.3,10.2,156.25,30.1,-1.6,767.9,-0.3,1,-14.1,108.95
2023/2/9 23:00,233.25,1.91,83.65,15.2,244.15,33.8,-1.7,766.8,-1.1,1,-14.2,185.7
2023/2/10 2:00,129.6,1.2,50.25,26.7,142.8,20.25,-1.1,766.3,-0.4,2,-9,97.9
2023/2/10 5:00,116.5,1.32,50.95,22.65,114.4,15.2,-2.9,765.2,-1.1,1,-3.4,88
2023/2/10 8:00,59.7,0.92,38.95,33.15,51.7,14.6,-1.6,765.6,0.3,2,-3,41.65
2023/2/10 11:00,111.5,1.085,31,40.05,96.55,13.5,0.1,766.3,0.8,3,-3.8,83.9
2023/2/10 14:00,114.7,0.91,27.05,62.2,98.45,13.5,2.9,765.5,-0.8,3,-3.9,86.55
2023/2/10 17:00,108.1,0.895,35.3,63.8,94.2,12.75,1.8,765.8,0.3,1,-4.9,81.2
2023/2/10 20:00,161.35,2.085,73.2,16.55,142,17.3,-3.8,765.7,-0.2,0,-6.1,122.3
2023/2/10 23:00,168.6,2.085,76.25,6,154.2,17.15,-6.4,765.7,0.1,1,-7.3,127.7
2023/2/11 2:00,178.4,1.945,64.5,9.65,170.6,16.45,-7.8,765,-0.8,0,-8.6,135.1
2023/2/11 5:00,187.6,2.815,70.05,5.15,184.35,20.35,-8.1,764.1,-0.9,1,-8.8,142.45
2023/2/11 8:00,107.8,1.425,45,33.35,100.9,17.25,-1.8,764.8,0.8,2,-5.1,80.6
2023/2/11 11:00,137.55,1.17,34.55,53.2,118.5,14.05,2.8,764.9,0.1,3,-3.3,104.4
2023/2/11 14:00,180.25,1.385,33.15,62.65,177.45,13.2,3.8,764.9,0,3,-2.8,136.3
2023/2/11 17:00,169.8,1.265,34.85,63.3,161.1,13.15,3.4,766.3,1.4,2,-2.8,128.4
2023/2/11 20:00,188.25,1.345,52.25,35.3,171.9,14.85,2.4,768.2,1.9,0,-2.9,143.1
2023/2/11 23:00,210.25,1.545,63,25.4,194.35,17.45,0.9,769.8,1.6,1,-2.7,161.2
2023/2/12 2:00,82.75,0.755,25.4,43.45,76,10.15,-0.9,771.2,1.15,3,-6.6,61
2023/2/12 5:00,124.7,0.905,25.25,54.6,114.95,9.6,-5.3,772,0.7,4,-10.1,94.6
2023/2/12 8:00,142.65,0.98,32.05,50.15,125.45,9.85,-6.8,772.7,0.7,3,-10.8,108.65
2023/2/12 11:00,151.2,0.995,30.4,54.85,133.4,11.25,-4.9,774.2,1.5,3,-9.7,115.25
2023/2/12 14:00,127.5,0.915,27.75,61.2,110.7,10.15,-3.1,773.1,-1.1,2,-9.1,96.6
2023/2/12 17:00,103.4,0.825,29.9,55.8,96.25,9.35,-3.4,773.1,0,3,-9,77.35
2023/2/12 20:00,101,0.825,34.15,51.2,89.8,10.4,-4.8,773.8,0.6,2,-9.4,75.5
2023/2/12 23:00,106,0.865,37.75,48.1,95.6,11,-6.3,773.5,-0.3,2,-10,79.4
2023/2/13 2:00,77.55,0.74,41.75,34.15,74.25,13.3,-8.8,773.8,0.3,1,-11.8,56.8
2023/2/13 5:00,29.75,0.52,24.6,47.2,27.45,14.05,-8.3,773.8,0,1,-16,18.25
2023/2/13 8:00,25.65,0.53,23.85,48.5,20.3,11.75,-8,774,0.2,3,-16.8,14.8
2023/2/13 11:00,28.2,0.515,19.6,55.65,27.75,11.9,-5,774.3,0.3,2,-16.2,17.6
2023/2/13 14:00,29.85,0.47,15.6,70.5,29.25,11.9,-1.3,772,-2.3,3,-16.3,16.75
2023/2/13 17:00,28.05,0.47,16.8,72.4,26.75,10.1,-2.5,772.3,0.4,3,-18.9,16.05
2023/2/13 20:00,48.1,0.66,48.9,33.95,49.65,17.55,-7,772.4,0,0,-17.5,30.95
2023/2/13 23:00,79.9,1.04,70.85,10.1,77.6,16.3,-10.8,772.3,-0.1,0,-16.7,58.1
2023/2/14 2:00,55.75,0.71,37.1,31.55,60.75,12.9,-5.6,772.8,0.6,3,-17.1,37.6
2023/2/14 5:00,32.65,0.545,28,40.1,33.15,13.35,-7,773.3,0.5,2,-17.2,18.6
2023/2/14 8:00,31.3,0.6,33.55,33.4,31.75,14,-7.1,774.7,1.3,2,-17,18.1
2023/2/14 11:00,34.45,0.54,22.25,53.2,34.675,11.75,-4.6,775.3,0.6,4,-16.5,18.225
2023/2/14 14:00,37.6,0.48,10.95,73,37.6,9.5,-1.6,774.7,-0.6,4,-19.5,18.35
2023/2/14 17:00,33.8,0.44,13.2,65.55,33.8,7.65,-3.2,775.2,0.5,4,-18.7,14.15
2023/2/14 20:00,58.65,0.61,26.9,52.7,64.85,10.4,-6,776.5,1.3,4,-17.1,35.15
2023/2/14 23:00,36.85,0.52,19.45,53.4,35.65,8.6,-7.6,776.9,0.4,3,-18.6,21.2
2023/2/15 2:00,31.65,0.53,16.15,55.1,28.05,10.75,-9.4,777.1,0.2,2,-19.1,18.95
2023/2/15 5:00,35.6,0.61,30.3,37.15,34.4,10.65,-10.7,777.1,0,2,-19.3,21.95
2023/2/15 8:00,35.55,0.795,34.1,32.15,39.95,14.35,-9.6,777.7,0.5,3,-21,24.9
2023/2/15 11:00,35.72222222,0.54,22.38888889,54.83333333,33.2,10.65,-5.4,777.1,-0.5,3,-23.8,20.25
2023/2/15 14:00,33.55,0.515,19.8,60.3,32.95,9.9,-1.6,775.3,-1.8,2,-23.5,20.35
2023/2/15 17:00,38.2,0.55,25.95,55.45,37.5,10.25,-2,774.4,-0.9,1,-23.2,22
2023/2/15 20:00,55.1,0.69,58.3,20.15,58.4,15.55,-6.7,774.2,-0.2,1,-22.2,35.05
2023/2/15 23:00,60.02,0.872,53.98,25.03,65.85,17.59,-11,773.7,-0.5,0,-19.9,39.7
2023/2/16 2:00,64.94,1.054,49.66,29.91,73.3,19.63,-13.3,772.7,-1,1,-19.8,44.35
2023/2/16 5:00,69.86,1.236,45.34,34.79,80.75,21.67,-14.3,772,-0.7,1,-20,49
2023/2/16 8:00,74.78,1.418,41.02,39.67,88.2,23.71,-10.2,771.7,-0.3,1,-16.7,53.65
2023/2/16 11:00,79.7,1.6,36.7,44.55,95.65,25.75,0.8,770.5,-1.1,4,-12.9,58.3
2023/2/16 14:00,86.95,1.295,29.25,63.95,115.65,18.85,4.1,768.9,-1.6,6,-7.1,60.7
2023/2/16 17:00,89.1,1.07,34.35,65.85,126.15,18.1,2.9,768.4,-0.5,3,-8.4,49.75
2023/2/16 20:00,87.15,1.175,47.25,53.95,108.55,21.05,-0.8,768.7,0.2,1,-10.2,64.1
2023/2/16 23:00,102.15,1.07,38.45,49.75,119.9,17,-2.6,768.4,-0.2,1,-10.2,76.5
2023/2/17 2:00,98.3,1.075,29.1,60.65,108.2,17.35,-0.4,767.9,-0.4,3,-7,73.45
2023/2/17 5:00,106.15,1.045,27.8,65.25,107.6,16.8,-1.2,767.6,-0.3,1,-7.1,79.65
2023/2/17 8:00,116.25,1.255,45.45,41.05,111.25,17.9,-3.9,768.3,0.6,1,-6.5,87.6
2023/2/17 11:00,142.45,1.355,46.8,44.35,137.05,22.85,3.9,768.4,0.2,4,-4.8,108.3
2023/2/17 14:00,192.95,1.43,43.35,67.75,176.95,19.85,6.2,766.6,-1.7,4,-4.3,145.9
2023/2/17 17:00,209.85,1.36,60.1,46.8,201,17.95,5,766.9,0.2,2,-3.8,161.95
2023/2/17 20:00,173.15,1.555,54.6,34.4,159.8,17.2,3,767.7,0.7,1,-2.7,133.2
2023/2/17 23:00,149.65,1.25,39.25,48.7,136.2,15.55,-0.1,767,-0.6,0,-3.8,114.05
2023/2/18 2:00,151.6,1.425,38.05,55.45,136.6,17.15,-3.6,766.9,-0.1,0,-4.7,115.45
2023/2/18 5:00,158.3,1.16,45.9,38.9,136.45,14.3,-2.9,767,0.1,1,-3.9,120.1
2023/2/18 8:00,156.5,0.985,41.5,32.1,145.05,12.95,-0.3,768,1,2,-3,119.2
2023/2/18 11:00,67.95,0.72,34.2,39.45,64.75,12.85,-0.1,767.4,-0.7,3,-7.1,48.85
2023/2/18 14:00,60.55,0.67,27,57.2,65.35,11.2,0.7,765.7,-1.7,3,-6.6,42.25
2023/2/18 17:00,49.15,0.565,26.15,67,51.1,10.75,0,765.1,-0.6,3,-9.2,30.25
2023/2/18 20:00,46.1,0.545,23.35,61.75,46.55,12.65,-2.2,766,1,5,-11.7,27.75
2023/2/18 23:00,34.35,0.48,20.55,58.75,33.45,8.8,-4.5,766.6,0.6,1,-6,19
2023/2/19 2:00,30.2,0.46,29.2,43.75,28.55,9.4,-6.8,766.2,-0.5,1,-8.7,16.4
2023/2/19 5:00,38.9,0.535,40.95,28.25,37.25,8.75,-11.4,765.8,-0.4,1,-12.4,23.15
2023/2/19 8:00,64.25,0.95,37.125,40.55,62.6,17.15,-8,766,0.2,3,-8.3,44.775
2023/2/19 11:00,89.6,1.365,33.3,52.85,87.95,25.55,-3.2,765.7,-0.2,3,-8.3,66.4
2023/2/19 14:00,39.55,0.415,10.95,74,44.45,7.6,1.9,765,-0.8,8,-18.7,9.6
2023/2/19 17:00,64.8,0.425,14.8,67.15,81.4,7.1,0.3,766.6,1.5,3,-19.5,12.75
2023/2/19 20:00,81.6,0.445,17.15,62,112.7,8.2,-2,768.7,2.1,4,-21.4,17.05
2023/2/19 23:00,54.95,0.42,16.05,62.7,59.75,9.5,-3.8,770.1,1.5,4,-21.4,13.3
2023/2/20 2:00,38.25,0.395,15.5,61.8,38.7,8.95,-5.5,770.5,0.4,4,-20,11.7
2023/2/20 5:00,33.6,0.42,14.35,60.5,33.6,9,-6.9,771.2,0.7,4,-19.5,11
2023/2/20 8:00,35.4,0.51,23.7,49.25,35.1,10.25,-7.7,773.5,2.2,4,-19.3,13.7
2023/2/20 11:00,35.45,0.47,12.75,66.7,34.7,8.8,-4.9,774.9,1.5,3,-19.1,13.2
2023/2/20 14:00,30.1,0.42,10.3,75.8,30.1,7.6,-2.8,774.9,0,4,-20.1,11.95
2023/2/20 17:00,32.05,0.445,13.2,72.4,32.05,7.25,-2.8,775.8,0.8,2,-20.1,13.5
2023/2/20 20:00,43.5,0.535,29.85,48.35,43.65,11.1,-4.5,777.1,1.3,2,-20.7,19.25
2023/2/20 23:00,54.05,0.685,49.65,25.25,59.5,14,-5.6,778.3,1.2,2,-21.6,29.1
2023/2/21 2:00,42.45,0.545,27.85,38.75,42.75,11.2,-6.6,779.6,1.3,3,-22.9,18.6
2023/2/21 5:00,35.25,0.525,26.65,37.3,35.25,13.15,-9.8,780,0.4,1,-22.1,15.25
2023/2/21 8:00,47.45,0.825,40.85,19.7,50.45,15.4,-10.6,780.9,0.8,1,-17.9,26.45
2023/2/21 11:00,50.85,0.765,34.9,38.9,51.4,19.2,-3.7,780.5,-0.3,2,-20,27.85
2023/2/21 14:00,43.25,0.645,28.4,49.9,43.45,15.075,-1.2,778.7,-1.8,2,-21.3,24.125
2023/2/21 17:00,35.65,0.525,21.9,60.9,35.5,10.95,-2.1,776.8,-1.9,2,-20,20.4
2023/2/21 20:00,48.1,0.65,49.85,28.4,48.1,13.4,-7.1,775.9,-1,1,-17.8,29.75
2023/2/21 23:00,61.45,1.085,54,22.75,64,20.95,-9.3,775.4,-0.4,1,-16.7,42.8
2023/2/22 2:00,70.45,1.93,64.85,11.8,78,40.2,-8.3,774.1,-1.3,1,-15.1,49.85
2023/2/22 5:00,44.7,0.975,33.4,36.25,45.5,18.45,-8.7,772,-2,1,-15.7,25.55
2023/2/22 8:00,50.9,1.495,42.5,31.4,53.65,21.6,-3,771.5,-0.5,1,-13.8,29.8
2023/2/22 11:00,58,0.915,24.77777778,60.6,64.25,16.94444444,2.7,770.5,-1.1,4,-9.9,32
2023/2/22 14:00,62.94444444,0.915,23.5,70.95,75.44444444,16.15,5.5,768.2,-2.1,4,-10.3,29.27777778
2023/2/22 17:00,60.15,0.85,32.4,61.7,67.25,16.75,3.8,767.7,-0.6,2,-8.9,37.1
2023/2/22 20:00,67.45,0.925,44.35,37.7,72.85,16.75,0.4,767.8,0.1,0,-7.8,47.9
2023/2/22 23:00,63.8,0.845,34.25,45.4,68.65,17.6,-1.2,767.7,-0.1,1,-7.5,45.25
2023/2/23 2:00,62.2,0.825,32.45,47.15,67.2,17.15,-0.2,767.6,0,1,-6.4,43.9
2023/2/23 5:00,73.15,1.2,43.85,29.8,76.4,19.55,-2,767.5,-0.1,0,-6.5,53.1
2023/2/23 8:00,95.45,1.745,54.65,15.65,95.55,25.5,-1,768.4,0.8,1,-5.4,71.05
2023/2/23 11:00,121.2,1.08,39.55,43.1,118.95,23.05,3.4,768.7,0.3,3,-5,88.45
2023/2/23 14:00,45.35,0.565,18.7,80.25,42.15,10.3,6.1,767.1,-1.5,2,-15.8,28.95
2023/2/23 17:00,31.8,0.46,18.4,81.3,27.95,9,5.8,767.2,0.2,1,-14.3,18.85
2023/2/23 20:00,43.4,0.565,31.6,53.75,44.15,11.8,2.6,768.9,1.5,1,-13.2,24.25
2023/2/23 23:00,40.25,0.435,16.8,60.35,40.25,8.25,0.4,770.6,1.8,4,-18.9,17.1
2023/2/24 2:00,26.15,0.4,14.9,61.85,26.95,8.55,-2.4,771.9,1.2,5,-17.2,12.35
2023/2/24 5:00,30.1,0.43,15.1,59.25,25,10.1,-4.3,772.3,0.5,4,-16.2,16.1
2023/2/24 8:00,28.45,0.465,21.9,46.95,28.3,11.1,-4.7,774,1.6,4,-13.1,14.2
2023/2/24 11:00,38.35,0.445,15.4,59.9,38.35,10.95,-2.1,775.1,1.1,3,-14.8,18.65
2023/2/24 14:00,27.6,0.345,8.4,76.55,26.7,7.8,0.2,774.4,-0.7,4,-20.7,11.75
2023/2/24 17:00,29.65,0.4,11.4,73.75,29.35,7.75,-1.1,775,0.6,3,-20.7,13.6
2023/2/24 20:00,43.45,0.625,38.8,38.55,43.75,10.9,-3.7,775.9,0.9,1,-20,25
2023/2/24 23:00,63.15,0.765,57.3,16.15,71.5,15.45,-7.7,776.4,0.4,1,-16.3,42.9
2023/2/25 2:00,62.35,0.87,58.7,9.9,69.4,15.65,-11.3,776.5,0.1,1,-16.4,42.3
2023/2/25 5:00,56.75,0.785,43.9,17.4,63.65,13.45,-12.6,777,0.5,0,-16.6,37.9
2023/2/25 8:00,58.25,0.94,42.3,17.15,65.95,15.55,-8.2,778.1,1.1,1,-14.6,39.85
2023/2/25 11:00,38.8,0.6,24.55,51.1,38.65,14.25,-0.2,778.6,0.5,2,-17.4,22.2
2023/2/25 14:00,25.85,0.48,12.15,71.7,23.7,8.2,3.1,777.4,-1.2,4,-18.9,13.9
2023/2/25 17:00,28.2,0.48,17.35,72.1,27.25,9.15,4,777.1,-0.3,1,-17.6,15.4
2023/2/25 20:00,56.35,0.745,65.6,24.75,59.65,14.3,-3.5,777.8,0.7,1,-15.8,36.85
2023/2/25 23:00,77.5,0.86,49.75,24.7,81.95,21.9,-3.1,778,0.3,1,-12.8,56.4
2023/2/26 2:00,59.75,1.51,56.6,15.65,59.65,33.2,-6.9,777.9,-0.1,1,-14.2,41.95
2023/2/26 5:00,60.35,1.625,54.3,16.25,66.5,37.55,-9.1,777.9,0,0,-14.5,40.4
2023/2/26 8:00,72.7,2.16,56.05,14.35,84.25,35.35,-4.9,778.5,0.5,0,-11.9,52.75
2023/2/26 11:00,82.4,2.025,46.2,40.45,94.65,38.8,5.3,777.7,-0.6,3,-12.2,60.2
2023/2/26 14:00,59.4,1.13,27.75,78.8,62.2,20.35,10.5,775.4,-2.3,4,-16.8,41.35
2023/2/26 17:00,51.4,0.915,28.4,79,50.7,15.7,10,774.7,-0.8,3,-17.2,33.75
2023/2/26 20:00,81.4,1,38.9,57.7,82.7,16.8,4.8,774.9,0.2,4,-13.6,59.9
2023/2/26 23:00,106.95,1.865,43.9,64.15,107.3,27.85,2.6,774.7,0,3,-13.2,80.2
2023/2/27 2:00,73.3,1.31,39.7,62.1,82.35,28.8,0.9,774.1,-0.6,2,-13.2,53.25
2023/2/27 5:00,81,1.19,38.95,56.8,87.55,27.7,-5.3,773.1,-1.2,1,-12.3,58.9
2023/2/27 8:00,84.4,1.05,38.8,62,86.8,24.5,3.8,772.4,-0.6,3,-11.4,62.35
2023/2/27 11:00,87.11111111,0.87,28.6,91.16666667,110.8,15.9,9.4,770.8,-1.5,5,-9.6,67.65
2023/2/27 14:00,282.65,0.845,26.7,109.2,501.2,14.25,11.5,768.6,-2.2,7,-10.1,80.3
2023/2/27 17:00,191.5,0.805,27.15,108.1,285.45,15.05,8.8,767.7,-1,7,-7.8,77.6
2023/2/27 20:00,110.65,0.885,30.65,81.6,155.3,16.85,5.5,767.3,-0.4,5,-7,72.9
2023/2/27 23:00,86.6,0.75,24.9,83.95,109.9,14.85,5.1,766.7,-0.5,4,-8.7,54.45
2023/2/28 2:00,81.55,0.79,20.75,92.25,104.65,13.5,5.1,765.4,-1.3,4,-8.4,52.75
2023/2/28 5:00,80.35,0.87,23.95,78.15,99.2,16.6,4.7,765.4,0,3,-6.2,54.6
2023/2/28 8:00,106.35,1.175,38,52.9,123.85,18.75,4.9,767.5,2.1,4,-4.4,79.25
2023/2/28 11:00,55.1,0.54,14.95,71.15,59,9.5,6.8,768.4,0.9,4,-6.5,28
2023/2/28 14:00,38.05,0.47,11.45,78.8,39.5,7.65,8.6,767.6,-0.8,3,-7.2,15.25
2023/2/28 17:00,39.22222222,0.405,14.44444444,78.6,39.95,7.222222222,8.2,767.8,0.2,3,-12.3,14.65
2023/2/28 20:00,69.4,0.55,28.45,51.6,88.4,9.6,4.7,769.2,1.3,3,-16.4,25.25
2023/2/28 23:00,56.1,0.495,28.1,46.85,62.15,10.6,2.5,769.5,0.3,3,-15.5,19.6
2023/3/1 2:00,52.95,0.515,35.5,36.95,53.8,11.1,-1.8,769.2,-0.3,1,-13.9,22.95
2023/3/1 5:00,49.65,0.605,42.15,25.7,52.85,14.1,-0.5,769.2,0,2,-14.1,22.35
2023/3/1 8:00,45.1,0.685,45.05,25.55,44.15,14.2,-1.4,769.8,0.5,1,-9.5,22.8
2023/3/1 11:00,30.6,0.42,13.4,73.85,30.25,8.5,3.1,770.1,0.4,4,-18.3,12.1
2023/3/1 14:00,41.5,0.34,8.7,81.9,42.85,7,4,769.7,-0.4,4,-18.9,10.6
2023/3/1 17:00,76.55,0.355,11.7,78.8,102.7,7.4,2.4,770.1,0.3,4,-22.4,14
2023/3/1 20:00,74.5,0.41,20.95,64.55,98.25,10.95,0.6,771.8,1.8,3,-18.7,19.2
2023/3/1 23:00,58.8,0.46,19.35,62.1,67.1,10.15,-1,772.7,0.9,3,-19,17.2
2023/3/2 2:00,44.65,0.445,23.05,53.2,45.75,11.1,-2.5,772.6,-0.2,2,-18.5,16.85
2023/3/2 5:00,45.45,0.53,33.15,39.25,47.15,15.35,-7.3,772.6,-0.1,1,-16.4,18.65
2023/3/2 8:00,57.1,0.665,48.1,22.75,63.5,18.4,-4.6,772.6,0.1,2,-14.7,29.35
2023/3/2 11:00,49.7,0.675,21,67.25,52.05,17.2,2.2,770.5,-2,3,-15.8,23.05
2023/3/2 14:00,65.4,0.79,17.65,74.05,82.4,16.6,6.4,767.2,-3.3,7,-15.6,23
2023/3/2 17:00,111.5,0.795,19.1,75.1,172.7,11.45,6,765.9,-1.4,6,-15.9,23.45
2023/3/2 20:00,69.65,0.905,27.95,60.05,88.7,16.25,4.5,765.9,0,5,-17.1,22.5
2023/3/2 23:00,65.4,0.95,31.35,57.95,80.4,21.3,3.2,766,0.2,3,-14.5,27.45
2023/3/3 2:00,65.7,1.025,35.05,47.55,80.8,17,2,766.6,0.7,2,-9.3,35.45
2023/3/3 5:00,66.9,1.07,50.65,25.6,81.55,20.4,-3.7,766.7,0,1,-10.3,39.7
2023/3/3 8:00,82.3,1.625,66.8,13.75,106.75,38.35,0.7,768.3,1.6,1,-8.5,55.3
2023/3/3 11:00,89.8,1.565,55.2,45.8,115.25,37.05,8.3,768.3,0.1,1,-8.7,63.95
2023/3/3 14:00,59.15,0.88,34.25,75.25,61.9,17.8,12.2,767,-1.3,2,-10.7,37.7
2023/3/3 17:00,48.65,0.685,34.3,72.05,47.35,14.55,11.7,767.2,0.2,1,-9.9,28.4
2023/3/3 20:00,78.3,0.91,68.65,31.4,89.85,17.25,3.7,768.6,1.3,0,-9.6,55.65
2023/3/3 23:00,94.05,1.165,82.5,11,110.1,21.45,-1.6,769.4,0.8,1,-8.6,69.25
2023/3/4 2:00,127.15,1.76,76.7,7.65,154.2,26.9,-2.8,769.7,0.3,1,-8.3,95.55
2023/3/4 5:00,100.65,1.635,59.7,11.7,111.85,23.2,-2.8,770.1,0.4,2,-7.3,75.3
2023/3/4 8:00,90.15,1.885,55.1,15.65,96.45,28.3,1.1,771.1,1.1,2,-5.8,66.45
2023/3/4 11:00,90.85,1.64,44.4,65.7,102.2,28.2,10.7,771.2,0,2,-4.9,66.85
2023/3/4 14:00,95.15,1.065,31.35,109.4,108.9,21.65,14.3,769.6,-1.6,3,-4.9,70.75
2023/3/4 17:00,137.05,1.07,34.6,135.85,153.4,22.45,12.9,769.3,-0.3,1,-4.2,103.95
2023/3/4 20:00,189.95,1.64,109.55,47.65,210.95,23.35,3.3,770,0.7,1,-4.2,145.25
2023/3/4 23:00,187.5,1.71,96,32.75,210.35,29.4,0.2,770,0,0,-3.9,142.5
2023/3/5 2:00,149.35,1.39,70.55,33.1,166.95,26.4,-1.8,769.6,-0.3,0,-4,113.5
2023/3/5 5:00,155.25,1.62,74.45,22.95,171.4,26.7,-3.5,768.9,-0.8,0,-4.6,117.8
2023/3/5 8:00,177.05,1.875,74.8,20.55,185.95,24.55,0.3,768.7,-0.2,1,-0.8,133.75
2023/3/5 11:00,130.4,1.3,39.75,101.9,142.45,24.85,12.3,766.9,-1.7,3,-2,98.9
2023/3/5 14:00,119.25,1.085,28.75,138.45,134.85,19.4,15.5,764.3,-2.6,5,-0.7,88.2
2023/3/5 17:00,88.05,0.76,24.6,123.65,101.3,15.75,12.5,763.3,-1,4,-1.8,64.6
2023/3/5 20:00,81.6,0.995,29.5,98.6,88.7,20.75,4.8,763.5,0.1,1,-3.2,59.95
2023/3/5 23:00,87.95,0.985,25.7,106.05,97.05,21.85,4.2,763.2,-0.1,1,-2.6,64.75
2023/3/6 2:00,75.55,0.98,23.45,92.15,83.15,20.3,2.5,762.7,-0.5,1,-2.2,54.45
2023/3/6 5:00,74.4,1.015,25.35,87.35,78.95,22.4,3.4,762.2,-0.5,1,-1.5,53.75
2023/3/6 8:00,82.2,1.15,41.65,69.95,85.95,23.8,4.6,762.7,0.4,1,0.2,60.55
2023/3/6 11:00,78.6,0.825,25.9,92.75,84.15,19.15,11.8,762.6,0,4,0.6,58.15
2023/3/6 14:00,109,0.915,25.8,119.35,118.05,17.65,14.2,761.5,-1.1,4,1.8,81.95
2023/3/6 17:00,127.6,0.875,31.35,117.3,134.65,16.1,12.2,762.2,0.7,1,1.5,94.9
2023/3/6 20:00,141.6,1.085,69.4,53.15,150.05,15.7,4.3,763.2,0.9,0,0.4,106.7
2023/3/6 23:00,148.55,1.385,84.3,27.1,165.55,30.3,1.2,763.9,0.7,1,0.3,118
2023/3/7 2:00,122.2,1.81,78.95,17.9,137.3,25.1,-1.1,763.6,-0.3,0,-1.4,92.55
2023/3/7 5:00,122.75,1.745,63.9,30,133.25,28,0.2,762.5,-1.1,1,0.2,92.85
2023/3/7 8:00,132.1,2.1,59.1,40.35,136.75,33.65,3.1,762.2,-0.3,1,3,100.3
2023/3/7 11:00,93.11111111,0.84,25.25,96.88888889,93.3,18.35,12.8,760.3,-1.9,6,-0.1,67.2
2023/3/7 14:00,70.4,0.74,20.6,110.45,88.2,13.35,16.8,758.2,-2,5,-0.9,45.95
2023/3/7 17:00,67.1,0.715,22.35,102.25,82.9,12.95,15.1,757.9,-0.4,3,-1,39.75
2023/3/7 20:00,68.1,0.705,31.6,81.55,81.7,16.8,11.7,759,1.2,3,-2.5,45.95
2023/3/7 23:00,106.5,0.81,48.95,56.95,122.2,15.75,7.2,762,3,1,-1.5,80.05
2023/3/8 2:00,121.55,0.78,27.25,81.35,130.75,13.85,6.7,763.9,1.9,2,0.6,91.9
2023/3/8 5:00,56.6,0.6,21.2,47.65,62.95,11.15,1.8,764.8,0.8,3,-7,34.3
2023/3/8 8:00,61.1,0.785,31,33.55,66.45,11.25,2.3,766.2,1.4,4,-6.3,41.45
2023/3/8 11:00,60.55,0.63,26.9,66.15,64.3,11.35,9.5,765.4,-0.8,3,-6.8,40.1
2023/3/8 14:00,46.05,0.51,18.9,89.7,45.3,9.65,11.8,763.4,-1.9,3,-6.6,27.5
2023/3/8 17:00,38.8,0.49,21.75,87.95,38.8,9.45,10.6,761.8,-1.7,2,-6.7,21.4
2023/3/8 20:00,55.3,0.635,40.1,60.9,59.65,12.25,5.7,761.8,0,1,-6.2,34.25
2023/3/8 23:00,66.1,0.82,63.25,29.6,77.5,15.15,1.5,760.1,-1.7,0,-5.4,45.2
2023/3/9 2:00,80.45,0.915,69.65,13.6,101.6,29.7,0.8,759.1,-1,1,-4.2,58.65
2023/3/9 5:00,143.45,1.65,62.85,21.4,167.5,28.3,5.6,758.7,-0.3,4,0.6,108.95
2023/3/9 8:00,126.75,1.495,39.45,49.65,137.35,21,5.9,759.2,0.4,4,-0.8,96.1
2023/3/9 11:00,90.5,1.335,38.2,69.85,102.95,20.8,10.8,759.7,0.5,3,-1.9,66.25
2023/3/9 14:00,76.5,1.36,33,95.2,94.6,23.65,16,757.5,-2.1,3,-3,54.5
2023/3/9 17:00,68.55,1.01,36.95,88.5,86.5,24.6,16.3,757.2,-0.3,1,-3.7,38
2023/3/9 20:00,104.55,1.15,74.45,51.55,157.25,18.8,8.9,759.1,1.9,1,-0.7,68.65
2023/3/9 23:00,112.9,1.34,86.75,30.1,165.7,22.2,4.2,759.7,0.5,0,-0.8,80.95
2023/3/10 2:00,96.25,1.41,48.95,56.15,142.15,21.7,2.8,759.3,-0.3,0,-1.6,65.15
2023/3/10 5:00,88.05,1.21,36.95,80.85,125.6,20.2,3.3,758.8,-0.5,1,-1.6,57.65
2023/3/10 8:00,91.5,1.435,45.65,78.55,124.9,25.1,9.3,758.5,-0.3,3,0.5,63.2
2023/3/10 11:00,86.55,1.005,21.65,107.95,119.1,17.3,15.4,758,-0.5,5,0.4,56.2
2023/3/10 14:00,87.7,0.91,19.7,138.3,124,15.75,17.9,757,-1,6,1.4,54.6
2023/3/10 17:00,78.45,0.865,26.65,134.85,105.25,16.45,16.4,759,2,3,1.3,51.5
2023/3/10 20:00,106.05,1.01,60.3,77,139.05,17.45,13.1,763.2,4.2,2,1.8,76.6
2023/3/10 23:00,103.4,0.37,11.4,73.3,156.5,8.35,8.4,767.2,3.9,4,-7.3,14.65
2023/3/11 2:00,107,0.34,9.2,74.75,163.5,7.9,5.2,769.5,2.4,6,-11.8,15.8
2023/3/11 5:00,132.4,0.345,9.3,72.6,214.3,7.8,3.7,771.3,1.7,4,-17.2,18.2
2023/3/11 8:00,96.7,0.375,18.2,58.25,143.15,8.25,3.6,772.6,1.3,3,-15.6,17.6
2023/3/11 11:00,86.45,0.37,13.75,68.9,122.2,8.05,6.5,772.6,0,5,-18.3,18.7
2023/3/11 14:00,61,0.365,12.05,78.7,71.8,7.65,7.8,771.2,-1.4,5,-18.9,14.6
2023/3/11 17:00,51.9,0.39,16.15,71.55,56.45,7.95,5.3,770.3,-1,4,-17.8,14.3
2023/3/11 20:00,55.15,0.44,18.15,64.65,61.25,9.25,3.3,771.1,0.9,4,-17.5,18.55
2023/3/11 23:00,47.35,0.485,18.65,62.15,50.85,9.3,2.8,770.6,-0.6,5,-19.9,17.1
2023/3/12 2:00,58.45,0.515,21.15,50.25,66.9,10.85,0.7,772,1.5,5,-16.6,27.45
2023/3/12 5:00,38.95,0.39,11.9,62.55,38.95,8.25,-1.8,772.3,0.1,4,-17.9,12.75
2023/3/12 8:00,32.85,0.375,14.9,61,32.85,8.85,-1.6,772.4,0.2,5,-20.6,11.95
2023/3/12 11:00,31.3,0.34,8.55,73.4,31.3,8.2,0.5,771.4,-1.1,5,-22.4,9.7
2023/3/12 14:00,32.6,0.34,7.4,80.6,32.3,7.5,1.4,770.2,-1.2,6,-21.7,8.4
2023/3/12 17:00,31.65,0.355,10.4,77.05,31.1,7.35,0.7,770.2,0,4,-21.6,9.45
2023/3/12 20:00,36.2,0.41,18.3,62.1,36.2,10.2,-1.5,770.2,0.1,2,-21,13.45
2023/3/12 23:00,42.35,0.48,39.25,36.4,42.35,9.85,-6.2,769.6,-0.8,0,-15.2,16.55
2023/3/13 2:00,51.6,0.61,52.05,17.45,54.5,26.2,-8.7,768.5,-1,1,-14.5,24.2
2023/3/13 5:00,63,0.995,50.45,14.4,75.4,41.1,-9.7,767.2,-1.3,1,-14.1,33.15
2023/3/13 8:00,67.3,1.495,50.25,19,84.15,32.9,-2.6,765.5,-1.6,1,-13.7,35
2023/3/13 11:00,48.1,1.055,28,56.45,49.45,18,3.8,763.2,-2.4,2,-19,19.1
2023/3/13 14:00,46,0.655,19.3,70.05,46.75,14.95,5,760.2,-3,3,-17.4,15.2
2023/3/13 17:00,55.65,0.67,27.95,58.8,61.05,15.3,4.1,759.1,-1.1,2,-13.2,18.65
2023/3/13 20:00,59.45,0.825,42.1,43.9,68.85,17.95,1.7,759.4,0.5,1,-6.6,23.8
2023/3/13 23:00,64.25,0.785,35.15,49.15,79.55,15,-0.5,758.1,-1.4,1,-4.6,29.2
2023/3/14 2:00,63.4,0.9,29.2,56.45,76.4,13.35,2.4,756.9,-1.1,2,-1.9,30.65
2023/3/14 5:00,63.9,0.955,35.4,48.3,77.3,15.3,0.1,756.1,-0.8,0,-2.1,35.05
2023/3/14 8:00,68.7,1.05,50.85,33.95,86.1,17.15,4.6,756.5,0.4,1,0,41.8
2023/3/14 11:00,67.25,0.665,23.1,71.9,82.15,16.6,10.9,756.4,-0.1,5,0.3,34.8
2023/3/14 14:00,68.45,0.68,18.65,91.2,86.2,13.8,12.8,754.9,-1.4,5,0.9,33.2
2023/3/14 17:00,75.05,0.785,25.25,86.2,95.25,13.75,10.8,755.6,0.7,3,0.8,41.55
2023/3/14 20:00,91.45,0.84,38.3,61.4,116.5,14.4,8.8,758.8,3.2,2,2.4,61.45
2023/3/14 23:00,121.5,0.56,20,58.45,192.5,9.75,6.7,761.4,2.6,5,-11,37.55
2023/3/15 2:00,73.5,0.345,9.85,68.8,96.3,7.95,3.8,763.2,1.8,3,-14.9,12.3
2023/3/15 5:00,43.65,0.335,10.15,66.45,45.25,9.15,1.4,764.4,1.1,3,-14.3,9.5
2023/3/15 8:00,65.05,0.37,16.7,59.65,79.6,9.45,0.9,765.7,1.3,6,-17.9,13.7
2023/3/15 11:00,55.22222222,0.375,7.777777778,75,60.75,9.2,3.1,766.3,0.6,5,-18.3,10.6
2023/3/15 14:00,53.6,0.335,9.1,76.45,57.7,7.25,4.6,766.3,0,5,-17.7,9.05
2023/3/15 17:00,68.2,0.35,10.8,73.65,85.8,8.25,4.8,767.3,0.9,4,-18.9,11.9
2023/3/15 20:00,90.9,0.52,37.5,41.85,131.35,13.65,3.3,769.3,2,2,-19.4,30.25
2023/3/15 23:00,74.75,0.465,28.9,43.5,98.75,12.35,1.5,770.6,1.3,2,-17.9,23.4
2023/3/16 2:00,56.6,0.425,24.35,43.95,63.55,11.4,0.9,771.6,1,2,-16.4,16.05
2023/3/16 5:00,43.35,0.4,20.4,47.7,44.25,13.55,-0.4,772.3,0.7,2,-15.1,13.25
2023/3/16 8:00,38.25,0.465,22.35,47,38.1,13.75,0.5,773.8,1.4,4,-14.3,14.05
2023/3/16 11:00,38.25,0.4,9.4,74,38.05,8,3,774.3,0.5,4,-14.6,14.85
2023/3/16 14:00,32.3,0.38,7.95,83.55,34.15,7.9,4.4,773.4,-0.9,5,-14.4,13.9
2023/3/16 17:00,33.65,0.4,12.2,84.55,33.35,8.8,4.3,772.8,-0.6,2,-15.6,17.15
2023/3/16 20:00,41,0.505,41.8,45,41.15,10.75,-1.2,772.9,0.1,1,-13.7,23.4
2023/3/16 23:00,80.95,0.79,50.8,33.55,90.8,40.15,-4.2,772.7,-0.1,1,-11.7,59.4
2023/3/17 2:00,64.75,0.88,52.9,22.45,75.05,23.45,-5.4,772.8,0,1,-11.3,44.9
2023/3/17 5:00,64.25,1.425,56.1,17.55,77.65,46.25,-6.9,771.7,-1,1,-10.9,40.75
2023/3/17 8:00,68.15,1.77,56.1,22.1,82.6,49.55,0.2,771.9,0.1,1,-9.3,46
2023/3/17 11:00,54.5,0.96,26.6,68.75,58.05,20.6,6.8,770.6,-1.2,4,-14.6,29.1
2023/3/17 14:00,53.75,0.84,22.8,79.35,59.1,15.7,9.3,768.2,-2.4,4,-12.5,31.05
2023/3/17 17:00,54.3,0.64,26.2,81.45,58.1,12.45,9,767.1,-1.1,3,-10,32.1
2023/3/17 20:00,74.55,0.8,51.05,42.9,84.65,17.8,4.7,767.3,0.2,2,-10.2,53.8
2023/3/17 23:00,61.6,0.665,37.05,48.45,69.65,15.05,1.2,767.3,0,1,-12.6,41.5
2023/3/18 2:00,61.25,1.465,60.85,22.65,71.8,39,-3.2,766.9,-0.4,0,-11.7,38.65
2023/3/18 5:00,64.25,1.355,58.5,22.5,77.8,37.45,-5,766.1,-0.8,1,-10.6,39.35
2023/3/18 8:00,76.25,1.8,55.35,25.8,95.55,44.85,1.7,766.3,0.2,1,-9.2,51.6
2023/3/18 11:00,98.9,1.295,42,58.7,123.1,27.1,8.8,765.7,-0.5,3,-5.4,73.6
2023/3/18 14:00,61.65,0.585,23.2,90.05,67.85,15.2,12.1,764.3,-1.4,3,-9,41.1
2023/3/18 17:00,42.6,0.46,18.75,97.6,38.35,11.2,12.4,763.7,-0.7,2,-14.4,25.25
2023/3/18 20:00,73,0.765,74.55,40.05,78.05,20.7,3.8,764.5,0.8,1,-12.6,52.6
2023/3/18 23:00,103.7,0.885,49.05,58.55,122.15,20.55,4.4,764.6,0.2,2,-8.7,77.6
2023/3/19 2:00,101.75,1.655,54.55,52.05,130.35,45.9,-0.7,764.1,-0.5,1,-9.1,76.05
2023/3/19 5:00,96.05,1.69,67,27.4,124.55,43.4,-3.4,763.8,-0.3,1,-9.2,70.35
2023/3/19 8:00,113.6,2.39,70.25,21,142.5,41.8,3.2,764.4,0.5,1,-7.9,85.55
2023/3/19 11:00,84.8,1.665,41.6,69.1,106.5,29.05,13.5,763.3,-1,4,-9.7,60.8
2023/3/19 14:00,67.95,0.885,23.6,102.05,85.55,13.5,16.5,761.5,-1.8,6,-9.4,42.3
2023/3/19 17:00,67,0.68,22.25,108.65,83.65,11.75,14,760.9,-0.6,4,-10.7,36.05
2023/3/19 20:00,78.72222222,0.655,28.25,104,99.35,12.6,10.1,761.4,0.5,4,-7.6,56.9
2023/3/19 23:00,107.65,1.545,39.45,86.4,123.4,27.55,6.9,761.1,-0.2,2,-4.5,80.8
2023/3/20 2:00,104.45,1.095,41.7,70.4,128,45.05,0.1,760.3,-0.8,1,-5.1,78.25
2023/3/20 5:00,95.35,1.25,35.15,84.5,110.55,20.3,0.1,759.7,-0.6,1,-4.7,70.7
2023/3/20 8:00,82.4,1.195,45.15,83,95.85,22.85,8.3,759.6,-0.1,3,-5.9,59.7
2023/3/20 11:00,103.2,0.88,29.35,107.35,118.25,22.7,12.5,758.9,-0.7,5,-2.9,77.15
2023/3/20 14:00,129.3,1.16,32.75,110.3,149.55,20.45,13.6,757.3,-1.6,4,0.6,98
2023/3/20 17:00,118.55,0.875,27.7,110.35,137.75,17.1,12.8,756.5,-0.8,3,0.9,89.45
2023/3/20 20:00,125.65,0.905,28.35,108.7,135.75,19.25,9.2,757.5,1,2,0.6,95.2
2023/3/20 23:00,118.2,0.93,26.95,115.35,127.45,29.7,8.3,757.6,0.1,3,-0.7,89.2
2023/3/21 2:00,114.65,0.915,23.25,122.3,126.3,31,7,757,-0.5,2,-1.2,86.35
2023/3/21 5:00,96.05,1.005,26.6,111.15,106.6,32.9,2.9,757,-0.2,1,-2.4,71.45
2023/3/21 8:00,89.35,1.285,41.3,85.35,100.4,28.75,9.4,757.6,0.6,2,-1.3,65.6
2023/3/21 11:00,84.66666667,0.927777778,27.8,110.7,93.5,20.5,13.9,756.9,-0.6,4,-0.9,60.15
2023/3/21 14:00,87.83333333,0.9,25.11111111,136.1,105.75,18.8,16.1,755.6,-1.2,4,-0.6,63.5
2023/3/21 17:00,81.25,0.785,26.4,125.2,102.15,17.1,16,754.7,-0.9,4,-1.6,57.05
2023/3/21 20:00,86.15,0.815,35.35,98.15,100.6,20.6,11.6,756.1,1.3,3,-2.6,60.65
2023/3/21 23:00,66.8,0.785,29.65,97.15,80.3,25.85,9.3,756.2,0.2,2,-3.3,43.55
2023/3/22 2:00,68.35,0.873333333,30.48333333,84.71666667,77.98333333,21.21666667,10.1,755.8,-0.5,3,0.7,46.15
2023/3/22 5:00,69.9,0.961666667,31.31666667,72.28333333,75.66666667,16.58333333,10.4,756,0.2,3,3.2,48.75
2023/3/22 8:00,71.45,1.05,32.15,59.85,73.35,11.95,8.3,758.5,2.4,2,8.3,51.35
2023/3/22 11:00,86.1,1.045,39.4,51.1,97.65,20.9,8.4,759.4,0.9,2,7.2,62.25
2023/3/22 14:00,230.1,0.9,36.2,50.5,350.45,15.15,10.3,759,-0.3,2,6.6,78.05
2023/3/22 17:00,340.5,0.8,34.65,54.9,530.9,10.4,10.4,759,0,1,5.4,88.8
2023/3/22 20:00,384.15,1.155,62.85,15.95,499,12.7,6.3,760.3,1.2,0,5.9,104.15
2023/3/22 23:00,396.05,1.255,63.6,6.6,523.15,14.35,5.8,761.5,1.2,2,5.8,104.35
2023/3/23 2:00,302.75,0.42,17.5,66.05,428,9.2,7.2,762.7,1.2,4,-18.5,46.95
2023/3/23 5:00,329.45,0.38,12.15,68.8,446.35,8.4,4.5,763.9,1.2,3,-18.5,46.6
2023/3/23 8:00,256.4,0.395,16.9,66.9,389.5,7.6,4.7,765.3,1.4,3,-24.4,45.2
2023/3/23 11:00,116.8,0.365,8.7,82.8,183.1,6.85,6.1,765.5,0.2,4,-21.2,26.75
2023/3/23 14:00,79.15,0.34,7.45,91.05,108,6.95,7.1,764.8,-0.7,4,-19.5,18
2023/3/23 17:00,72.4,0.36,9.95,85.8,94.65,6.7,4.9,765.5,0.7,4,-20.4,16.9
2023/3/23 20:00,72.85,0.405,19.4,70.45,95.3,8,2.1,767.2,1.6,2,-18.5,17.25
2023/3/23 23:00,72.3,0.415,25.5,55.5,94.35,8,-2.3,767.9,0.7,1,-14.7,19.35
2023/3/24 2:00,67.8,0.43,27.75,46.9,85.4,10.8,-3,769,1.1,2,-15,16.7
2023/3/24 5:00,59.6,0.38,20.45,48.5,69,8.8,-2.4,769.6,0.5,1,-14.2,14.4
2023/3/24 8:00,42.1,0.39,14.75,63.45,43.95,7.9,-0.5,770.8,1.3,3,-16.8,11.35
2023/3/24 11:00,40.35,0.38,8.75,76.5,35.1,7.25,1.6,770.7,-0.2,3,-15,9.7
2023/3/24 14:00,36.05,0.375,9.4,82,35.15,7.45,3.8,768.7,-1.9,3,-12.6,11.95
2023/3/24 17:00,40.1,0.36,14.35,79.85,40,7.85,3.1,768.1,-0.6,2,-12,14.15
2023/3/24 20:00,43.4,0.44,23.95,64.5,43.4,9.1,2,769.3,1.1,1,-11.2,19.7
2023/3/24 23:00,48.05,0.48,39.85,42,49.2,8.8,-1.5,769.9,0.6,1,-9.1,23.95
2023/3/25 2:00,54.75,0.575,51.35,26.05,59.85,11.4,-2,769.3,-0.5,0,-8.3,29.25
2023/3/25 5:00,61.15,0.845,56.7,12.75,71.05,13.55,-4,768.7,-0.6,0,-8.7,39.25
2023/3/25 8:00,77.05,1.25,45.75,25.35,95.05,20.05,0.5,768.9,0.1,2,-8,53.8
2023/3/25 11:00,64.1,0.97,43.3,52.9,74.4,18.8,6,768.2,-0.6,1,-13.6,40.25
2023/3/25 14:00,44.6,0.46,21.8,81.4,45.2,12.35,7.8,766.4,-1.8,3,-16.5,21.55
2023/3/25 17:00,43.1,0.42,13.55,97.3,43.1,9.85,7,766.6,0.2,3,-13.3,19.6
2023/3/25 20:00,40.2,0.48,28.25,66.05,39.75,9,3.2,767.1,0.5,2,-15.4,20.35
2023/3/25 23:00,47.15,0.545,49.1,35.9,47.3,11.9,-1.8,767.3,0.2,1,-13.9,24.85
2023/3/26 2:00,42.9,0.51,41.5,38,43.35,9.2,-2.5,767.2,0,1,-12,20.2
2023/3/26 5:00,44.45,0.575,46.55,26.8,45.4,10.85,-5.6,766.9,-0.3,1,-8.3,22.45
2023/3/26 8:00,50.55,0.605,40.9,29.65,58.75,12.6,-0.3,767.8,0.8,1,-7.6,28.4
2023/3/26 11:00,31.6,0.4,16,77.8,30.2,9.85,5.9,767.3,-0.5,2,-13.7,13.4
2023/3/26 14:00,28.8,0.35,9.65,89.8,23.5,7.85,7.9,765.7,-1.6,3,-18,11.05
2023/3/26 17:00,32.2,0.395,12.75,96.45,29.85,9.9,7.6,764.5,-1.1,1,-16.6,13.35
2023/3/26 20:00,46.05,0.55,48.75,55.5,46.25,10.3,0.6,765.4,0.8,0,-12.1,25.25
2023/3/26 23:00,63.25,0.71,73.3,20.9,74.85,15.85,-2.4,765.4,0,1,-11.2,37.85
2023/3/27 2:00,70.1,0.91,61.95,24.75,85.15,36.35,-4.2,764.8,-0.6,0,-10.2,45.2
2023/3/27 5:00,68.65,1.71,71.2,7.65,87.05,33.15,-3.4,763.6,-1.2,1,-9.8,42
2023/3/27 8:00,73.05,1.6,55.55,22.15,91.55,24.5,1.3,763.9,0.4,1,-8.5,49.55
2023/3/27 11:00,75.4,1.275,35.75,77.5,101.15,27.95,10.1,764.5,0.5,5,-9,47.6
2023/3/27 14:00,91.75,0.94,24.3,115.25,113.85,16.25,12.2,763.6,-0.8,3,-4.4,65.85
2023/3/27 17:00,74.35,0.715,23.65,113.8,92.2,13.5,11.5,764.1,0.5,3,-8.4,51.75
2023/3/27 20:00,69.55,0.85,78,36.55,83.6,14.7,3.5,765.6,1.4,1,-8.2,47.9
2023/3/27 23:00,92.4,0.925,73.75,38.25,117.3,27.8,2.7,766.3,0.8,1,-6.2,67.9
2023/3/28 2:00,77.15,1.065,52.2,50.55,99.3,40.4,-1.2,766.6,0.3,0,-5.8,53.4
2023/3/28 5:00,77.85,1.35,51.3,43.4,100.45,45.05,-2.6,767.1,0.4,1,-5.6,54.45
2023/3/28 8:00,86,1.805,66.65,36.65,110.6,48.45,4.9,767.8,0.8,1,-4.9,61.6
2023/3/28 11:00,102.1111111,1.27,31.25,106.2222222,122.9,30.45,13.2,767.2,-0.6,3,-3.5,74.6
2023/3/28 14:00,66.44444444,0.727777778,16.75,126.25,80.6,12.85,16,765.3,-1.9,5,-7.6,42.65
2023/3/28 17:00,59.5,0.495,16.27777778,122.6,68.4,9.9,14.6,764.7,-0.6,5,-8.8,26.95
2023/3/28 20:00,59.45,0.54,32.95,90.65,68.55,10.45,10.8,765.1,0.4,2,-7,31.15
2023/3/28 23:00,83.8,0.93,46.55,66.8,114.55,40.65,3.3,765.2,0.1,0,-4.6,57.85
2023/3/29 2:00,81,0.985,40.3,67.9,110.65,28.1,1.5,764.2,-0.9,1,-3.8,54.7
2023/3/29 5:00,67.35,1.175,36.85,69.25,84.3,22.3,3.1,762.7,-1.6,1,-4.1,39.65
2023/3/29 8:00,76.8,1.21,49.05,65.2,99.1,34.45,9.9,763.2,0.6,1,-3.7,50.15
2023/3/29 11:00,100.45,1.145,36.95,109.625,133,25.475,15,762.6,-0.6,5,0.4,71.625
2023/3/29 14:00,124.1,1.08,24.85,154.05,166.9,16.5,17.2,761.5,-1.2,6,3.1,93.1
2023/3/29 17:00,136.5,1.16,28.2,170.1,182.55,18.35,16.9,760.7,-0.7,4,3.9,103.1
2023/3/29 20:00,126.25,1.28,40.7,119.55,165.1,26.75,13.7,762.1,1.3,2,2.6,94.9
2023/3/29 23:00,95.95,1.15,32.15,96.1,125.3,22.25,8.3,761.9,-0.1,1,1.7,70.1
2023/3/30 2:00,99.85,1.21,30.55,111.9,128.05,20.25,4.5,760.9,-1.1,0,1.5,73.55
2023/3/30 5:00,110.5,1.435,38.9,92.25,137.45,30.95,2.5,760.9,0.1,1,0.4,82.45
2023/3/30 8:00,105.55,0.935,38.3,86.8,128.6,15.9,11.6,761.9,1.1,4,0.1,76.85
2023/3/30 11:00,119.6,0.92,31.4,120.75,148.05,15.7,16.3,762.4,0.4,3,2.3,88.1
2023/3/30 14:00,115.15,0.815,28.85,160.75,150.25,15.75,19.7,761.3,-1,2,0.2,86.7
2023/3/30 17:00,87.75,0.655,28.65,155.4,104.4,13.5,20.7,760.9,-0.4,1,-3,63.75
2023/3/30 20:00,126.7,1,89.3,79.75,147.5,16.05,11.7,761.8,0.7,1,1.4,95.35
2023/3/30 23:00,165.05,1.85,53.35,119.35,195.4,26.05,7.95,762.35,0.4,1,1.55,124.85
2023/3/31 2:00,157.95,1.93,59,80.55,190.8,34.75,4.2,762.9,0.1,1,1.7,120.3
2023/3/31 5:00,166.7,1.985,87.7,18,203.05,28.2,2.8,762.7,-0.2,1,2.1,126.05
2023/3/31 8:00,145.95,2.485,87.45,29.75,176.5,37.25,10.7,763.1,0.4,1,2.8,111
2023/3/31 11:00,105.35,1.38,33.75,138.75,129.7,31.65,20,762.7,-0.4,5,1.4,75.75
2023/3/31 14:00,90,0.935,20.95,180.8,113,17,22.9,760.9,-1.7,6,-0.6,64.55
2023/3/31 17:00,74.3,0.635,18.45,176.75,88.85,11.4,21.8,760,-0.9,6,-2.1,43.95
2023/3/31 20:00,84.45,0.745,26.9,154,104.85,13.25,18.1,760.8,0.7,7,-1.7,60.6
2023/3/31 23:00,114.45,1.675,40.6,119.6,139.35,26.05,13.3,761.5,0.8,1,0.7,85.6
2023/4/1 2:00,98.4,0.945,32.05,114.55,127.6,41.5,6.5,761.5,0,0,0.4,72.1
2023/4/1 5:00,85.25,1.055,30.65,117.85,104.2,49.05,4.3,761.4,-0.2,1,-1.1,60.8
2023/4/1 8:00,95.45,1.42,48.4,114.8,115.15,51.15,14.1,762.4,1.1,1,-1.1,69.5
2023/4/1 11:00,71.8,0.85,22.8,155.95,84.75,16.95,20.9,761.7,-0.7,4,-2.9,48.35
2023/4/1 14:00,65.15,0.705,18.45,169.65,76.6,14,23.2,760.4,-1.3,6,-4.8,38.65
2023/4/1 17:00,65.35,0.57,17.9,162.5,80.15,11.55,21.5,759.9,-0.6,4,-5.4,38.5
2023/4/1 20:00,84.7,0.72,27,145.65,107.5,13.65,16.3,761.3,1.5,2,-1.3,60.3
2023/4/1 23:00,110.35,1.545,49.45,99.7,138.55,33.7,8.3,762.4,1.1,1,-1,82
2023/4/2 2:00,93.65,1.18,50.4,82.15,125.75,56.9,4.9,762.9,0.4,1,-1.8,67.5
2023/4/2 5:00,91.6,1.505,68.95,46.15,124.65,40.4,3.1,763.6,0.6,0,-2.6,65.25
2023/4/2 8:00,104,2.2,81.45,36.95,141.9,41.1,12.3,764.5,1.1,1,-2,76.4
2023/4/2 11:00,63,0.98,24.65,149.8,75.75,24.75,21.6,763.9,-0.6,5,-6.1,36.9
2023/4/2 14:00,67.8,0.75,17.95,170.75,73.7,13.95,24.4,762.2,-1.7,4,-5.8,38.4
2023/4/2 17:00,63.8,0.555,19.7,165.8,75.95,11.25,21.7,762.2,0,4,-4.4,36.25
2023/4/2 20:00,76.05,0.66,34.75,125.5,96.55,13.1,16.1,763.9,1.6,2,-3.4,53.7
2023/4/2 23:00,72.95,0.945,36.6,97.75,89.6,21.3,12,765.1,1.2,1,-2.6,50.1
2023/4/3 2:00,90.35,1.45,52.3,63.7,114.2,41.9,8.5,764.7,-0.4,0,-1.9,66.5
2023/4/3 5:00,118.1,1.55,85.55,19.85,160.4,42,5.3,765.2,0.6,1,-1.2,89
2023/4/3 8:00,119.55,1.825,85.75,30.45,157.9,39.75,13.2,766.9,1.7,0,-0.8,89.95
2023/4/3 11:00,71.9,1.195,31.9,139.35,90.15,27.15,21.4,767.4,0.4,5,-6.3,48.5
2023/4/3 14:00,71.1,0.88,20,172.95,79.35,16.1,22.7,766.3,-1.1,3,-7.1,48.3
2023/4/3 17:00,62,0.61,21.05,111.3,73.6,12.35,17.5,766.9,0.6,5,4.1,35
2023/4/3 20:00,48.1,0.485,19.05,66.4,49.2,8.4,12.6,769,2.1,5,-4.5,18.15
2023/4/3 23:00,54.75,0.47,16.45,53.55,59.15,8.95,9.4,769.6,1.913333333,4,-6.9,17.65
2023/4/4 2:00,62.45,0.47,16.7,46.9,74.55,9.4,8,768.4,1.726666667,4,-6.5,17.65
2023/4/4 5:00,60.05,0.455,18.45,42.45,69.6,9.35,6.9,767.8,1.54,5,-6.8,19
2023/4/4 8:00,92.1,0.77,32.25,29.05,133.2,11.9,8.1,768.5,1.353333333,4,-5.4,61.5
2023/4/4 11:00,248.25,1.235,38.95,81.6,307.15,14,11.2,767.8,1.166666667,4,-3.7,196.65
2023/4/4 14:00,214.5,1.035,35.3,113.45,252.75,12.4,12.9,765.4,0.98,4,-4.2,166.15
2023/4/4 17:00,119.5,0.815,38.8,80.35,142.7,10.55,11.7,764.6,0.793333333,4,-5.3,90.3
2023/4/4 20:00,170.4,0.95,45.15,58.2,176.8,8.35,7.3,766,0.606666667,2,3.9,128.6
2023/4/4 23:00,188.1,0.99,36.05,53.5,186,7.95,6.2,764.5,0.42,3,5,143.35
2023/4/5 2:00,143.4,0.915,32.5,46.2,140.25,8.35,5.5,762.7,0.233333333,0,3.2,108.65
2023/4/5 5:00,172,0.97,31.6,47.1,173.1,8.05,5.3,761.2,0.046666667,3,4.1,139.95
2023/4/5 8:00,199,0.98,31.2,49.15,169.5,7.8,5.8,761,-0.14,0,4.9,153.15
2023/4/5 11:00,452.8,2.05,73.95,55.85,534.3,10.6,6.1,760.3,-0.326666667,5,4.1,548.7
2023/4/5 14:00,496.1,2.37,81,115.3,718.6,17.9,6.9,758.8,-0.513333333,3,1.4,675.75
2023/4/5 17:00,319.15,1.38,50.05,136.6,303.55,12.7,9,758,-0.7,3,-0.1,271.75
2023/4/5 20:00,236.15,1.16,39.15,123.85,234.55,13.05,9.9,759.4,1.4,3,-6.9,186.75
2023/4/5 23:00,75.15,0.685,27.05,76.6,82.85,10.75,7.9,758.5,-0.9,3,-7.4,52.6
2023/4/6 2:00,52.25,0.575,25.4,69.6,56.3,10.35,6.4,759.1,0.5,2,-9.5,32.55
2023/4/6 5:00,53.2,0.56,32.9,53.35,56.75,9.7,2.7,758.8,-0.3,0,-5.4,33.85
2023/4/6 8:00,70.85,0.795,59.8,29.15,79.25,13.2,4.1,758.7,0,1,-1.7,49.8
2023/4/6 11:00,95.95,0.86,58.1,40.55,108.25,46.5,8,759,0.3,3,-5.8,71.45
2023/4/6 14:00,55.9,0.585,25.45,94.7,57.6,10.85,11,757.7,-1.3,3,-6.3,36.05
2023/4/6 17:00,46,0.495,23.2,85.45,46.45,12.95,12.5,757.5,-0.2,2,-7,23.1
2023/4/6 20:00,56.1,0.665,62.15,39.7,62.15,11.25,6,758.8,1.2,1,-2.8,30.8
2023/4/6 23:00,88,0.41,12.2,69.05,125.4,6.85,8,760.9,2.1,5,-11.9,16.55
2023/4/7 2:00,49.4,0.385,8.55,78.55,52.05,6.75,4.3,763.5,2.6,3,-16.1,10.1
2023/4/7 5:00,38.8,0.385,14.85,66.1,39.55,6.25,2.4,764,0.5,3,-16.6,9.1
2023/4/7 8:00,30.6,0.41,14.45,73.4,29.75,6.3,3.6,764.3,0.3,5,-19.9,7.95
2023/4/7 11:00,29.7,0.365,8.8,85.6,24.6,6,6,763.9,-0.4,5,-18.7,6.95
2023/4/7 14:00,30.25,0.325,8.8,90.45,26.75,5.75,9,762.1,-1.8,5,-18,6.5
2023/4/7 17:00,38.5,0.35,12.8,85.8,39.4,6.25,10.1,759.8,-2.3,4,-17.1,6.75
2023/4/7 20:00,54.45,0.415,20.3,76.6,60.8,8.35,6.1,761.5,1.7,4,-7.5,12.45
2023/4/7 23:00,47.15,0.46,25.3,57,47.85,8.2,3.5,761.5,0,3,-4.2,15.65
2023/4/8 2:00,47.45,0.49,38.5,30.4,49.05,9.7,1.6,762.3,0.8,1,-2,16.45
2023/4/8 5:00,46.35,0.4,30.25,37.2,46.8,8.1,-2.6,763.1,0.8,1,-3.7,13.3
2023/4/8 8:00,45.85,0.525,32.3,36.6,47.85,10.65,4.5,764.5,1.4,2,-8.6,15.5
2023/4/8 11:00,30.3,0.375,16.05,75.1,30.3,9.05,9.8,764.2,-0.3,3,-16.4,9.75
2023/4/8 14:00,29.95,0.375,11.55,94.05,22.2,7.45,13,762.5,-1.7,4,-13.9,9.05
2023/4/8 17:00,32.7,0.375,14.6,103.15,27.85,7.9,13.8,761.2,-1.3,4,-9.4,11
2023/4/8 20:00,45.05,0.71,39.6,67.4,45.9,21.4,7.8,760.8,-0.4,1,-6,24.2
2023/4/8 23:00,52.6,0.78,32.95,62,56.1,29.75,9.6,759.4,-1.3,2,-10,20.3
2023/4/9 2:00,59,0.99,25.8,68.75,67.65,18.15,10.3,758.8,-0.6,3,-4.5,25.9
2023/4/9 5:00,60.3,1.065,26.8,65.05,69.9,25.3,10.5,757.9,-0.9,4,-3.2,30.45
2023/4/9 8:00,69,0.915,27.85,79.85,87.3,21.6,13.3,757.8,-0.1,5,-1.8,41.55
2023/4/9 11:00,107.35,0.795,22.85,122.3,164.25,14.85,19.1,756.5,-1.2,6,3.3,54.6
2023/4/9 14:00,148.85,0.69,15.45,151.65,230.2,12.3,20.4,755.2,-1.3,8,2.3,57.4
2023/4/9 17:00,100.65,0.715,18.7,148.45,150.6,12.2,18.9,754,-1.1,5,3.9,53.45
2023/4/9 20:00,85.95,0.675,25.15,116.9,119.55,18.55,15.3,755.6,1.5,3,1.8,51.8
2023/4/9 23:00,71.4,0.655,16.4,132.05,92.1,13.8,12.3,755.2,-0.3,3,2.5,40.3
2023/4/10 2:00,65.7,0.725,15.95,127.25,81.05,12.45,11.1,753.9,-1.4,3,2.2,35.6
2023/4/10 5:00,74.1,0.775,15.3,133.65,97.55,11.05,10,752.8,-1,4,3.5,46.85
2023/4/10 8:00,72.85,0.92,24.95,114.25,93.5,14.3,13,752.8,-0.1,3,4.9,45.9
2023/4/10 11:00,73.95,0.675,19.05,112.45,97.3,16.8,16,752.6,-0.2,5,5.9,42.7
2023/4/10 14:00,72.5,0.67,17.25,114.7,94.35,16.6,17.3,751.2,-1.4,5,6.5,39.3
2023/4/10 17:00,98.15,0.78,21.55,107,145.55,13.05,15.8,750.7,-0.4,3,4.8,40
2023/4/10 20:00,98.55,0.86,29.85,98.65,146.35,12.8,12.4,750.9,0.1,1,5.6,47.4
2023/4/10 23:00,85.25,0.845,20.2,121.6,120.15,12.5,13.4,750.5,-0.4,3,7,48.65
2023/4/11 2:00,79.75,0.81,21.25,85.3,102.85,11.75,10.4,751.4,0.9,3,9.8,53
2023/4/11 5:00,84.4,0.67,20.8,59.45,118.35,10.5,11.5,752.75,0.95,3.5,1.2,43.7
2023/4/11 8:00,131.4,0.45,23.95,62.95,212.45,9.95,12.6,754.1,1,4,-7.4,34
2023/4/11 11:00,496.5,0.375,10.7,92.9,877.85,6.05,9.5,757,2.8,8,-18.5,78.55
2023/4/11 14:00,260.3,0.36,9.25,91.1,388.3,5.6,8.5,758.8,1.8,7,-18.4,35.85
2023/4/11 17:00,227.35,0.37,11.4,79.45,360.95,5.8,9,758.4,-0.4,6,-19.9,35.1
2023/4/11 20:00,244.65,0.47,31.6,51.55,379.45,7.35,7.8,759.3,0.9,2,-15.1,41.65
2023/4/11 23:00,289.4,0.38,16.25,69.45,413.2,8.25,7.6,759.9,0.6,3,-19.1,41.75
2023/4/12 2:00,239.05,0.395,14.6,67.3,372.35,8.2,6.2,759.1,0.3,4,-15.1,39.55
2023/4/12 5:00,269.75,0.455,15.25,61.15,398.15,6.8,7,759,0,4,-10.3,46.45
2023/4/12 8:00,239.75,0.51,23.15,54.15,376.1,9.1,9.3,760.5,1.5,5,-7.8,52.95
2023/4/12 11:00,112.95,0.36,9.15,81.35,175.5,6.9,14.6,760.1,-0.4,6,-16.7,28.25
2023/4/12 14:00,91.45,0.36,9.55,91.3,132.5,7,17.2,758.5,-1.5,5,-16,26.75
2023/4/12 17:00,111.45,0.47,16.45,90.75,172.4,8.2,16.6,757.3,-1.3,6,-12.9,30.35
2023/4/12 20:00,172.8,0.53,20.05,81.7,295.25,8.8,12.6,758.3,1.1,4,-9.1,53.35
2023/4/12 23:00,339.7,0.89,25,73.45,451.95,16.15,12.5,757.3,-1.1,3,-7,85.9
2023/4/13 2:00,398.65,0.84,22.15,78.9,502.25,24.95,12.8,756.4,-0.7,3,-4.8,99.7
2023/4/13 5:00,366.05,0.725,18.55,75,475.3,23.9,13.4,755.2,-1.2,4,-4.7,92.2
2023/4/13 8:00,400.5,1.04,28.25,54.4,502.2,16.35,15.9,756.4,1,7,0.9,101.6
2023/4/13 11:00,431.55,0.96,29.7,64.7,532.45,15.25,17.5,756.9,0.6,6,4.8,109.75
2023/4/13 14:00,364.45,0.84,28.2,86.35,472.1,13.7,18.4,756.7,-0.2,2,4.6,115.7
2023/4/13 17:00,267.35,0.705,25.3,81.3,395.45,11.3,16,758.2,1.4,3,2.1,98.05
2023/4/13 20:00,296.85,0.805,44.55,62.7,418.75,11.05,11.6,759.7,1.6,2,2.1,117.15
2023/4/13 23:00,285.4,0.92,56.45,42.9,410.95,11.95,10.6,760.5,0.7,1,2.4,115.55
2023/4/14 2:00,215.9,0.88,58.25,25.35,322.05,10.85,6.2,760.3,-0.2,0,2.5,119.75
2023/4/14 5:00,231.8,1.05,53.2,17.05,343.2,12.15,5.7,760.8,0.5,1,3.4,110.45
2023/4/14 8:00,154.1,1.37,46.5,36.2,253.4,17.05,10.1,761.2,0.4,2,2.9,92.55
2023/4/14 11:00,133.55,0.915,29.85,75.45,216.75,13.85,16,759.7,-1.5,1,3.4,70.5
2023/4/14 14:00,133.85,1.045,31.8,91.45,216.95,26.25,19.2,757.9,-1.7,2,2.1,68.2
2023/4/14 17:00,108.7,0.64,27.4,94.95,166.75,15.75,19,757.3,-0.7,2,-2,51.85
2023/4/14 20:00,125.7,0.9,69.55,45.4,200.8,12.45,13.2,757.6,0.4,0,0.9,70.6
2023/4/14 23:00,144.7,1.14,87.45,22.7,239.05,13.6,9.1,757.3,-0.4,0,2.4,92.25
2023/4/15 2:00,156.8,1.27,59.4,32.95,261.15,15.7,10.5,756.2,-1,3,3.5,98.85
2023/4/15 5:00,140.25,1.385,41.1,30.75,229.85,13.65,5.8,755.4,-0.9,1,3.8,82.8
2023/4/15 8:00,185.1,0.94,41.1,31.9,292.1,11.7,10.3,755.2,-0.1,2,0.9,77.95
2023/4/15 11:00,131.55,0.395,12.5,77.95,212.1,9.15,14.8,753.8,-1.4,4,-7.9,42
2023/4/15 14:00,124.3,0.355,10.2,95.9,198.4,7.8,16.3,751.9,-1.8,5,-9.6,36
2023/4/15 17:00,73.05,0.355,11.9,97.95,95.65,7.65,15.3,751.2,-0.9,4,-7.5,23.75
2023/4/15 20:00,89.05,0.555,26.35,86.8,127.65,8.5,13.2,751.9,0.8,3,-5.9,39.25
2023/4/15 23:00,89.25,0.51,25.4,73,128.15,9.65,11.1,751.4,-0.5,2,-5,35.3
2023/4/16 2:00,79.75,0.495,26.5,59.7,109.35,10.7,6.9,751.4,0,1,-2.5,32.55
2023/4/16 5:00,94.15,0.545,33.9,40.9,138.1,8.95,2.9,751.9,0.5,1,-2.4,49.65
2023/4/16 8:00,80.05,0.55,30.45,61.95,110,10.6,10.1,753.6,1.6,2,-1.6,43.65
2023/4/16 11:00,68.4,0.48,14,108.35,86.2,7.7,13.3,754,0.4,4,-2.2,34.5
2023/4/16 14:00,58.3,0.41,9.95,115.85,66,6.7,14.9,753.8,-0.1,3,-4.4,24.15
2023/4/16 17:00,51.85,0.395,12,114.3,54.2,6.9,15,754.3,0.3,3,-6.5,19.45
2023/4/16 20:00,57,0.54,42.5,71.65,57.7,7.55,10,755.8,1.7,0,-6.3,28.85
2023/4/16 23:00,81.3,0.9,91.95,13.45,106.15,11.05,4.5,756.9,1,0,-2.6,53.25
2023/4/17 2:00,91.95,0.74,66.1,23.25,127.95,20.15,3.6,757.7,0.8,1,-1.7,60.05
2023/4/17 5:00,78.7,1.285,51.6,36.5,105.65,41.75,2.7,757.6,-0.2,1,-0.7,49.4
2023/4/17 8:00,90.9,2.29,79.1,14.05,128.9,34.7,7.6,758.3,0.8,1,0.1,61.05
2023/4/17 11:00,83.75,1.515,67.6,33.8,115.75,24,13.3,758.4,0.1,2,-2.2,48.35
2023/4/17 14:00,74.35,0.555,17.45,108.6,97.95,14,16.8,757.9,-0.6,5,-1.3,27.6
2023/4/17 17:00,80.55,0.68,20.9,107.3,110.6,11.75,14.8,757.3,-0.5,3,-0.9,36.5
2023/4/17 20:00,80.2,0.765,26.95,88.9,110.05,16.35,12.1,758.2,0.9,2,-0.4,36.05
2023/4/17 23:00,79.8,0.55,20.95,102.95,109.25,20.35,8.8,757.8,-0.4,0,0.5,28.2
2023/4/18 2:00,74.9,0.575,21.3,87.65,100.8,15.65,10.6,756.6,-1.2,3,3.9,29
2023/4/18 5:00,73,0.61,27.2,66.95,96.45,13.8,5.8,757.9,1.2,1,3.5,31.4
2023/4/18 8:00,76,0.575,28.9,81.3,103.1,14.45,12.6,759.8,2.1,4,4.3,33.65
2023/4/18 11:00,73.6,0.42,10.5,95.1,94.6,8.5,17.3,760.3,0.5,3,1.7,22.25
2023/4/18 14:00,67.45,0.37,9.25,106.95,84.25,7.4,19.3,759.8,-0.5,3,-3.6,17.1
2023/4/18 17:00,46,0.36,11.35,112.6,46.45,7.7,19.7,758.8,-1,2,-9.5,12.25
2023/4/18 20:00,57.1,0.53,60.3,51.45,64.7,7.85,11.3,759.7,0.8,1,-4,21.9
2023/4/18 23:00,68.75,0.685,81.55,20.8,87.4,9.85,6.9,759.3,-0.4,1,-2.5,30.65
2023/4/19 2:00,71.75,1.05,68.4,20.65,93.05,17.9,4.9,758.4,-0.9,1,-2.4,31.6
2023/4/19 5:00,81.7,1.48,72.65,18.35,112.95,43.75,3.7,757,-1.3,1,-1.9,43.2
2023/4/19 8:00,89.45,1.975,50.5,69.15,128.2,35.7,14.9,756.4,-0.7,3,2.4,52.6
2023/4/19 11:00,86.16666667,1.055555556,25.5,128.4,119.45,16.88888889,22.7,754.7,-1.6,6,-0.1,41.15
2023/4/19 14:00,85.2,0.61,15.5,148.55,120,11.1,26,752.2,-2.5,6,-0.9,29.05
2023/4/19 17:00,79.09090909,0.690909091,20.90909091,139.9545455,107.5909091,12.04545455,24.8,750.1,-2,6,0.3,28.31818182
2023/4/19 20:00,88.5,1.068181818,34.90909091,106.5909091,126.3181818,17.77272727,20.5,750.1,0,3,2.3,51.40909091
2023/4/19 23:00,55.09090909,0.513636364,17.68181818,105.2272727,60.31818182,17.27272727,19.3,752.1,2,4,-2.3,19.40909091
2023/4/20 2:00,58.77272727,0.695454545,17.59090909,102.9090909,67.22727273,12.54545455,17.3,754.6,2.5,4,2.5,26.13636364
2023/4/20 5:00,117.6818182,0.413636364,10.18181818,74.09090909,185,7.318181818,12.3,758.5,3.9,4,3.3,45.22727273
2023/4/20 8:00,81.68181818,0.481818182,26.09090909,46.63636364,115.3181818,7.181818182,11,761.9,3.3,2,5.7,33.45454545
2023/4/20 11:00,61.05,0.41,15.95,67.85,71.3,7.7,11.8,763,1.1,3,0.3,22.3
2023/4/20 14:00,47.81818182,0.368181818,9.181818182,91.04545455,48.95454545,7.045454545,13.6,762.8,-0.2,4,-9.6,14.36363636
2023/4/20 17:00,55.90909091,0.322727273,9.863636364,90.86363636,62.09090909,6.181818182,13.6,762.4,-0.4,3,-17.5,13.81818182
2023/4/20 20:00,71.31818182,0.395454545,20.31818182,69.59090909,99.45454545,6.090909091,10.6,763.9,1.3,1,-13.4,19.31818182
2023/4/20 23:00,76.81818182,0.404545455,25.77272727,58.13636364,103,6.772727273,11.4,765.4,1.5,2,-16.1,21.09090909
2023/4/21 2:00,68.9,0.36,24.75,55.8,87.2,7.85,8,766.1,0.8,1,-13,18.7
2023/4/21 5:00,82.1,0.345,19.1,57.95,113.55,8,9.3,767.1,1,3,-19.7,23.3
2023/4/21 8:00,181.3,0.38,14.55,71.1,312.45,8.15,9.9,768.7,1.5,4,-18.2,57.9
2023/4/21 11:00,91.25,0.32,9.090909091,90.85,131.3636364,6.772727273,10.8,769,0.3,5,-22.2,27.36363636
2023/4/21 14:00,59.90909091,0.345454545,7.909090909,102.9090909,70.40909091,6.545454545,13,767.3,-1.6,4,-19.2,17.81818182
2023/4/21 17:00,66.59090909,0.345454545,9.136363636,97.95454545,83.09090909,6.727272727,13.3,766.5,-0.8,3,-18.9,17.77272727
2023/4/21 20:00,67.59090909,0.440909091,24.54545455,68.31818182,84.72727273,7.272727273,7.6,767,0.4,1,-14.6,22.95454545
2023/4/21 23:00,79.5,0.627272727,64.72727273,16.40909091,108.5454545,7.681818182,2.7,767.2,0.2,0,-11.2,34.72727273
2023/4/22 2:00,92,0.772727273,68.5,8.909090909,131.8181818,9.772727273,0,768.1,0.9,0,-7.3,48
2023/4/22 5:00,94.54545455,0.872727273,54.63636364,9.863636364,138.4545455,12.04545455,0.8,768.4,0.3,2,-9.2,46.59090909
2023/4/22 8:00,97.22727273,1.722727273,47.5,29.68181818,144.0454545,17.54545455,7.7,769.1,0.7,1,-10.1,54.90909091
2023/4/22 11:00,64.22727273,0.681818182,16.86363636,89.86363636,73.36363636,9.409090909,15.4,768.7,-0.4,2,-14.9,29.31818182
2023/4/22 14:00,55.63636364,0.568181818,13.81818182,106.6818182,61.59090909,11.31818182,18.3,767.3,-1.4,3,-16.5,23.63636364
2023/4/22 17:00,57.81818182,0.522727273,16,131.7272727,65.31818182,11.09090909,18.2,766.2,-1,2,-11.7,28.22727273
2023/4/22 20:00,65.77272727,0.527272727,23.40909091,93.86363636,80.68181818,9.454545455,13.6,768,1.8,3,-11.7,35.81818182
2023/4/22 23:00,68.86363636,0.568181818,30.13636364,67.95454545,85.31818182,9.409090909,11,769.2,1.2,3,-9.9,42.27272727
2023/4/23 2:00,61.95454545,0.536363636,29,61.68181818,71.18181818,8.590909091,6.2,770.8,1.5,1,-8.5,37.18181818
2023/4/23 5:00,60.04545455,0.527272727,39.5,40.54545455,69.81818182,9.227272727,2.3,772.1,1.3,1,-6.5,34.59090909
2023/4/23 8:00,64.77272727,0.581818182,35.18181818,47.59090909,79,15.54545455,10,773.1,1.1,3,-9.1,36.77272727
2023/4/23 11:00,53.77272727,0.481818182,13.86363636,87.59090909,57.45454545,7.636363636,13.9,773.5,0.4,5,-15,22.09090909
2023/4/23 14:00,43,0.4,9.181818182,105.8636364,43.13636364,7.227272727,15,772.2,-1.4,5,-16.4,17.59090909
2023/4/23 17:00,39.54545455,0.395454545,10.40909091,107.7727273,39.09090909,7.272727273,14,771.7,-0.5,5,-18.4,17.81818182
2023/4/23 20:00,41.95454545,0.463636364,28.72727273,72.90909091,42.5,7.227272727,9,772.3,0.6,1,-15.5,20.54545455
2023/4/23 23:00,55.59090909,0.618181818,60.45454545,28.63636364,61.59090909,8.772727273,3.2,772.4,0.1,1,-9.4,35.31818182
2023/4/24 2:00,61.77272727,0.731818182,64.5,16.40909091,72.45454545,10.36363636,0.3,772.2,-0.2,1,-8.2,39.59090909
2023/4/24 5:00,92.18181818,1.745454545,56.22727273,14.31818182,110.6818182,21,-2,772.4,0.1,1,-7.7,66.40909091
2023/4/24 8:00,81.5,1.713636364,46.95454545,42.63636364,101,20.40909091,8.9,772.2,-0.1,2,-10.1,56.22727273
2023/4/24 11:00,38.72727273,0.518181818,13.04545455,98.40909091,37.72727273,7.681818182,15.8,770.4,-1.8,2,-15.8,17.40909091
2023/4/24 14:00,36.04545455,0.468181818,10.27272727,110.7727273,31.59090909,7.681818182,18.7,766.9,-3.4,2,-13.5,15.27272727
2023/4/24 17:00,45.27272727,0.55,16.68181818,115.5454545,45.27272727,13.68181818,18.3,765.1,-1.9,3,-12.7,21.45454545
2023/4/24 20:00,66.27272727,0.718181818,31.77272727,99.27272727,72.09090909,13.72727273,14.9,764.6,-0.4,3,-10.7,43.68181818
2023/4/24 23:00,57.27272727,0.981818182,25.63636364,90.86363636,63.86363636,19.09090909,11.7,763.5,-1.1,2,-8.7,31.72727273
2023/4/25 2:00,65.81818182,0.986363636,27.63636364,85.68181818,81.18181818,29.63636364,11.6,761.2,-2.2,2,-7.2,35.18181818
2023/4/25 5:00,67.09090909,0.918181818,23.36363636,87.31818182,80.72727273,25.36363636,11.4,759.2,-2,2,-2.1,41.63636364
2023/4/25 8:00,65.45454545,0.986363636,25.63636364,82.04545455,80.40909091,17.5,13.5,758.1,-1.2,5,0.5,34.13636364
2023/4/25 11:00,67,0.763636364,16.81818182,91.40909091,79.81818182,8.727272727,10.6,757.1,-0.9,5,6.4,29
2023/4/25 14:00,45.90909091,0.709090909,21.09090909,80.22727273,42.45454545,7.954545455,8.9,756,-1.2,4,8.1,25.95454545
2023/4/25 17:00,55.90909091,0.695454545,20.40909091,63.95454545,62.04545455,7.454545455,7.6,755.9,-0.1,5,6.4,27.27272727
2023/4/25 20:00,25.54545455,0.509090909,13.18181818,68.09090909,19.18181818,6.818181818,4.1,758.4,2.5,4,1.1,8.909090909
2023/4/25 23:00,26.45454545,0.427272727,9.772727273,78.45454545,19.36363636,6.727272727,2.2,759.4,0.9,3,1.3,8.954545455
2023/4/26 2:00,26.54545455,0.477272727,10.5,70.95454545,25.18181818,6.590909091,2.5,760,0.6,3,1.9,14.13636364
2023/4/26 5:00,25.31818182,0.440909091,11.40909091,63.54545455,23.81818182,7,3.2,761.4,1.4,3,-0.3,14.45454545
2023/4/26 8:00,25.5,0.518181818,19.04545455,59.54545455,24.77272727,8.318181818,6.1,762.7,1.3,3,0.2,15.45454545
2023/4/26 11:00,28.13636364,0.518181818,16.09090909,77.5,27.95454545,8.227272727,10.1,762.6,-0.1,2,-0.1,16.63636364
2023/4/26 14:00,31.54545455,0.459090909,15.22727273,92.18181818,29.77272727,7.863636364,13.6,761,-1.5,2,-2.4,15.86363636
2023/4/26 17:00,38,0.481818182,19.95454545,96.68181818,36.68181818,9.454545455,13.7,760.2,-0.8,4,-3.6,21.63636364
2023/4/26 20:00,39.22727273,0.645454545,34.72727273,76.90909091,34.59090909,11,11.2,760.1,-0.1,3,-1.9,24.68181818
2023/4/26 23:00,43.04545455,1.1,47.81818182,46.36363636,41.31818182,20.95454545,8,760.2,0.1,1,-1,25.36363636
2023/4/27 2:00,46.95454545,0.809090909,27.54545455,72.04545455,49,30.45454545,10.1,759.7,-0.5,2,-2.5,20.13636364
2023/4/27 5:00,40.22727273,0.768181818,19.04545455,82.90909091,40.27272727,21.63636364,11.5,759.1,-0.5,4,-3,16.31818182
2023/4/27 8:00,43.72727273,0.731818182,18.81818182,94.68181818,43.86363636,11.22727273,9.9,760,0.7,4,2.7,20.04545455
2023/4/27 11:00,47.95454545,0.740909091,20.13636364,94.95454545,50.5,13,12.2,759.6,-0.3,4,4.4,27.13636364
2023/4/27 14:00,48.22727273,0.690909091,18.5,95.09090909,47.90909091,15.09090909,14.4,758.6,-0.9,4,5.7,29
2023/4/27 17:00,49.86363636,0.595454545,21.54545455,96.95454545,50.77272727,17.95454545,14.1,758.8,0.1,4,5.5,26.72727273
2023/4/27 20:00,52.22727273,0.709090909,24.63636364,87.72727273,53.40909091,19.86363636,11.4,760.1,1.3,1,6.9,33.77272727
2023/4/27 23:00,44.81818182,0.759090909,22.63636364,88.68181818,45.09090909,12.18181818,9.8,760.5,0.4,1,9.7,23.45454545
2023/4/28 2:00,54,0.895454545,24.59090909,79.81818182,56.81818182,19.81818182,9.6,760.6,0.2,0,9.5,31.5
2023/4/28 5:00,47.27272727,0.768181818,18.5,83.09090909,46.31818182,13.36363636,9.7,760.3,-0.4,1,5.1,25.09090909
2023/4/28 8:00,51.09090909,0.895454545,39.04545455,62.81818182,50.54545455,12.63636364,10.5,759.7,-0.7,1,4.4,29.95454545
2023/4/28 11:00,57.63636364,0.986363636,45.13636364,51.59090909,59.54545455,13.68181818,8.7,759.7,0.1,2,8.4,34.40909091
2023/4/28 14:00,39.63636364,0.559090909,19,85.36363636,37.5,16.77272727,11.4,758.8,-1,4,7.3,20.18181818
2023/4/28 17:00,34.22727273,0.645454545,19.59090909,88.31818182,33,15.04545455,12.2,757.6,-1.1,2,6.7,18.45454545
2023/4/28 20:00,34.9,0.777272727,27.81818182,68.36363636,33.63636364,15,11.1,758.8,1.2,1,7.6,19.45454545
2023/4/28 23:00,38.86363636,0.763636364,31.95454545,51.13636364,37.77272727,11.77272727,9.3,758,-0.8,1,7.4,23.27272727
2023/4/29 2:00,33.8,0.79,25.15,53.6,32.15,10.65,9.7,755.9,-2,1,6.6,19.75
2023/4/29 5:00,34.95454545,0.736363636,25.77272727,49,33.86363636,10.72727273,9.5,753.7,-2.3,2,6.9,21.13636364
2023/4/29 8:00,40.63636364,0.609090909,30.63636364,42.45454545,38.45454545,9.227272727,9.3,752.6,-1,1,8.7,24.18181818
2023/4/29 11:00,42.72727273,0.640909091,26.81818182,54.18181818,41.5,8.727272727,9.5,751,-1.6,2,9.4,26.04545455
2023/4/29 14:00,40.04545455,0.595454545,20.09090909,72,40.04545455,7.909090909,9.1,751.6,0.5,2,9.1,24.13636364
2023/4/29 17:00,26.68181818,0.454545455,14.13636364,81.13636364,21.31818182,7.545454545,7.5,753.8,2.2,3,6.3,12.40909091
2023/4/29 20:00,31.1,0.59,38.25,46.9,29.65,8.25,7.2,756.1,2.2,1,5.5,19.25
2023/4/29 23:00,41.95454545,0.677272727,54.04545455,19.68181818,37.68181818,8.5,4,756.6,0.6,1,4,27.22727273
2023/4/30 2:00,48.68181818,0.927272727,42.72727273,22.81818182,45.86363636,14.45454545,3.8,755.8,-0.9,1,3.8,32.22727273
2023/4/30 5:00,54.36363636,1.227272727,40,25,53.27272727,34.68181818,1.4,755.5,-0.3,1,1.4,35.77272727
2023/4/30 8:00,60.09090909,1.3,35.04545455,35.63636364,59.77272727,17.59090909,8.5,756.5,1.1,3,3.3,41.18181818
2023/4/30 11:00,29.81818182,0.422727273,12.54545455,83.31818182,26.81818182,9.045454545,14.4,756.2,-0.3,4,-0.9,10.54545455
2023/4/30 14:00,31.09090909,0.363636364,10,98,19.5,7.636363636,16.5,755.8,-0.3,4,-2.5,7.681818182
2023/4/30 17:00,31.5,0.354545455,11.04545455,99.63636364,22.22727273,7.545454545,16.9,755.6,-0.3,4,-5.6,6.136363636
2023/4/30 20:00,31.86363636,0.427272727,25.36363636,73.63636364,31.86363636,7.409090909,9.9,756.9,1.3,0,-1.5,10.27272727
2023/4/30 23:00,56.31818182,0.75,65.40909091,18.09090909,64.31818182,9.863636364,10.4,758.2,1.4,3,1.2,24.77272727
2023/5/1 2:00,51.59090909,0.695454545,46.68181818,27.40909091,54.72727273,12.86363636,8.3,759.3,1,1,3.4,22.36363636
2023/5/1 5:00,42.04545455,0.645454545,33.5,43.54545455,42.40909091,12.72727273,5.6,759.4,0.2,1,2.4,18.09090909
2023/5/1 8:00,54.35,1.23,39.15,44.65,58.2,32.3,13.6,761.1,1.6,1,2.2,23.55
2023/5/1 11:00,33.63636364,0.540909091,16.72727273,92.68181818,35.36363636,16.18181818,17.6,761.4,0.3,2,-0.6,13.18181818
2023/5/1 14:00,43.81818182,0.654545455,14.04545455,129.6818182,42.95454545,17.04545455,20.2,760.3,-1,4,-1,18.45454545
2023/5/1 17:00,48.18181818,0.672727273,16.22727273,134.7727273,47.72727273,13.81818182,21.7,759.1,-1.3,3,-0.3,18.63636364
2023/5/1 20:00,44.81818182,0.663636364,33.36363636,86.22727273,45.09090909,12.18181818,17.5,760.6,1.5,3,1.5,22.04545455
2023/5/1 23:00,42.6,0.805,21,96.6,42.75,21.2,11.8,760.9,0.3,1,2,17.3
2023/5/2 2:00,36.81818182,0.663636364,18.45454545,104.0909091,34.22727273,13.54545455,12.8,760.5,-0.3,2,-0.1,15.04545455
2023/5/2 5:00,40.36363636,0.545454545,15,107.9545455,39.81818182,12.54545455,12.6,760.3,-0.2,2,0.7,14.86363636
2023/5/2 8:00,48.27272727,0.586363636,17.13636364,112.5454545,49.72727273,12.63636364,18.4,760.4,0.1,3,2.3,14.68181818
2023/5/2 11:00,56.77272727,0.55,14.5,127.9545455,63.95454545,15.27272727,22.8,760,-0.3,5,3.4,15.86363636
2023/5/2 14:00,64.18181818,0.531818182,13.40909091,152.6818182,78.04545455,12.68181818,23.8,758.9,-1.2,6,3.7,19.31818182
2023/5/2 17:00,66.68181818,0.531818182,13.31818182,163.1363636,83.09090909,12.90909091,23.2,758.5,-0.3,7,1.5,22.36363636
2023/5/2 20:00,56.40909091,0.486363636,14.86363636,137.4545455,62.22727273,15.77272727,19.4,759.7,1.1,4,-1.1,18.86363636
2023/5/2 23:00,56.31818182,0.45,13.09090909,130.7272727,62.27272727,16.63636364,16.7,760.9,1.3,3,-0.5,18.40909091
2023/5/3 2:00,56.95454545,0.518181818,13.63636364,132.6363636,63.81818182,21.31818182,15.3,760.9,0,2,1.8,21.45454545
2023/5/3 5:00,61.86363636,0.586363636,14.40909091,137.5,73.27272727,32.27272727,14.6,761.5,0.5,2,3.1,23.77272727
2023/5/3 8:00,59.36363636,0.654545455,17.09090909,145.2727273,67.81818182,19.54545455,18.3,762.1,0.7,5,5.5,22.36363636
2023/5/3 11:00,58.36363636,0.554545455,13.18181818,151.8181818,65.77272727,16.72727273,23,762,-0.2,5,8.3,22.13636364
2023/5/3 14:00,53.45454545,0.518181818,10.31818182,139.8636364,56.13636364,12.59090909,24.9,761.2,-0.8,5,9.2,17.95454545
2023/5/3 17:00,52.09090909,0.536363636,12.81818182,131.7727273,54.86363636,12.31818182,24.4,760.6,-0.6,3,9.2,18.59090909
2023/5/3 20:00,50.31818182,0.6,15.81818182,101.5,52.27272727,17.54545455,18.8,762.4,1.9,2,10.4,20.86363636
2023/5/3 23:00,50.63636364,0.618181818,15.59090909,92.45454545,51.72727273,13.04545455,16.6,762.1,-0.3,2,10.5,22.63636364
2023/5/4 2:00,49.72727273,0.586363636,13.22727273,89.22727273,51,31.68181818,15.8,762.1,-0.1,2,10.3,25.36363636
2023/5/4 5:00,46.77272727,0.631818182,15.86363636,78.04545455,47.45454545,27.04545455,11.2,762,-0.1,0,11.2,24.54545455
2023/5/4 8:00,43.40909091,0.718181818,21.36363636,79.5,43.59090909,13.36363636,19.2,761.7,-0.3,3,11,23.36363636
2023/5/4 11:00,36.36363636,0.504545455,12.22727273,112.7272727,31.68181818,14.86363636,22.7,760.5,-1.2,4,11.1,14.5
2023/5/4 14:00,39.36363636,0.490909091,9.954545455,124.7727273,28.59090909,10.59090909,24.7,757.9,-2.5,2,10.6,15.86363636
2023/5/4 17:00,41.63636364,0.536363636,12.09090909,131.4545455,33.72727273,9.818181818,24.5,756.7,-1.3,2,10.4,17.63636364
2023/5/4 20:00,47.81818182,0.640909091,41.18181818,85.54545455,49.40909091,9.136363636,20,756.9,0.3,1,12,26.36363636
2023/5/4 23:00,57.95454545,0.681818182,39.68181818,42.18181818,61.95454545,11.40909091,18.5,757,0.1,2,15.4,37.45454545
2023/5/5 2:00,59.85,0.685,28.1,36.6,60.7,10.7,17.1,755.8,-1.2,2,16,40.85
2023/5/5 5:00,65.04545455,0.645454545,19.09090909,42.40909091,65.72727273,7.545454545,15.3,755.5,-0.3,3,15.3,45.68181818
2023/5/5 8:00,36.54545455,0.636363636,24.86363636,35.68181818,33.68181818,6.909090909,12.9,755.7,0.1,4,12.9,21.59090909
2023/5/5 11:00,35.72727273,0.513636364,19.04545455,57.54545455,32.59090909,7.363636364,15.9,756,0.3,5,6.1,16.68181818
2023/5/5 14:00,36.59090909,0.390909091,13.68181818,88.59090909,35.81818182,6.772727273,19.8,755.5,-0.5,5,1.3,10.59090909
2023/5/5 17:00,41.90909091,0.390909091,12.27272727,102.8181818,43.27272727,6.772727273,21.1,755.3,-0.2,5,-0.2,8.681818182
2023/5/5 20:00,37.40909091,0.368181818,18.22727273,83.40909091,36.81818182,6.590909091,17.3,757.9,2.6,3,-2.9,9.772727273
2023/5/5 23:00,37.63636364,0.390909091,16.5,74.86363636,37.63636364,6.545454545,15,759,1,4,-1.1,8.909090909
2023/5/6 2:00,32.25,0.42,18.6,62.95,32.25,7.45,12.8,759.3,0.4,4,-0.8,8.3
2023/5/6 5:00,33.13636364,0.427272727,22,50.40909091,33.13636364,7.227272727,11.1,760,0.8,3,-1,9.045454545
2023/5/6 8:00,34.15,0.465,24.7,53.25,34.15,8.55,14.9,761.2,0.233333333,4,-0.8,9.9
2023/5/6 11:00,32.36363636,0.381818182,13.77272727,88.04545455,31.40909091,6.772727273,20.3,760.9,-0.333333333,4,-0.9,9.136363636
2023/5/6 14:00,35.95454545,0.372727273,11.22727273,106.0909091,31,6.636363636,22.4,760.1,-0.9,5,-2.3,8.409090909
2023/5/6 17:00,37,0.375,13.4,113.4,30.8,7.05,22.1,759.7,-0.3,4,-7.6,9.6
2023/5/6 20:00,33.40909091,0.395454545,22,88.90909091,32.40909091,6.772727273,19,760.8,1,3,-5.1,12.04545455
2023/5/6 23:00,40.95454545,0.459090909,34.95454545,56.90909091,40.95454545,8.545454545,14.7,761.6,0.8,1,-3.1,17.45454545
2023/5/7 2:00,49.13636364,0.504545455,45.59090909,40.45454545,46.09090909,8.363636364,9.1,761.7,0,1,0.5,24.86363636
2023/5/7 5:00,56.13636364,0.559090909,56.5,17.81818182,61.04545455,9.272727273,7.6,762.3,0.6,1,2.9,30.95454545
2023/5/7 8:00,48.59090909,0.431818182,24.36363636,50.86363636,52,9.772727273,15.9,762.8,0.6,3,0.9,17.27272727
2023/5/7 11:00,40,0.359090909,10.45454545,87,39.36363636,7.045454545,19,763,0.2,3,1,9.909090909
2023/5/7 14:00,32.36363636,0.359090909,8.318181818,98.54545455,27.13636364,5.954545455,21,762,-1.1,3,-0.9,7.272727273
2023/5/7 17:00,33.86363636,0.345454545,9.5,99.5,31.22727273,5.863636364,20.8,761.2,-0.7,4,-2.3,7.681818182
2023/5/7 20:00,36.09090909,0.381818182,21.13636364,76.81818182,36.09090909,6.636363636,16.1,761.8,0.5,1,0.2,11.68181818
2023/5/7 23:00,45.90909091,0.486363636,41.86363636,41.77272727,47.63636364,7.636363636,10.5,762.8,1.1,1,2.6,16.81818182
2023/5/8 2:00,59.72727273,0.681818182,64.59090909,8.272727273,70.72727273,7.727272727,6.7,763,0.2,0,3.7,26.95454545
2023/5/8 5:00,69,0.659090909,52.72727273,6.045454545,87.72727273,19.13636364,4.8,763.1,0.1,1,4.1,30.09090909
2023/5/8 8:00,81.09090909,1.5,49.54545455,31.40909091,109.7272727,54.5,15.9,762.9,-0.3,2,4,43.68181818
2023/5/8 11:00,61.72727273,1.140909091,33,91.27272727,73.36363636,26.31818182,23,762,-0.8,4,1.9,26.09090909
2023/5/8 14:00,50.18181818,0.481818182,15.86363636,127.6818182,53.68181818,11.45454545,26.2,760.6,-1.4,5,-1.6,16.59090909
2023/5/8 17:00,38.95,0.368181818,15.68181818,121.3636364,31.95,9.181818182,26.3,759.6,-1.1,4,-1.5,10.7
2023/5/8 20:00,46,0.45,26.18181818,90.45454545,47.77272727,8.454545455,21.4,761,1.5,2,-0.6,14.27272727
2023/5/8 23:00,54.5,0.540909091,48.13636364,50,59.45454545,10.77272727,18,762.1,1.2,3,1.5,23.45454545
2023/5/9 2:00,48.04545455,0.404545455,35.68181818,44.86363636,51.31818182,7.772727273,13.2,762.7,0.5,2,-4,16.04545455
2023/5/9 5:00,30.45454545,0.318181818,17.31818182,55.18181818,31.27272727,7.636363636,14.5,763.3,0.7,3,-8.2,7.272727273
2023/5/9 8:00,38.77272727,0.390909091,21.77272727,52.81818182,38.04545455,8.818181818,17,764.6,1.2,2,-4.3,8.863636364
2023/5/9 11:00,41.8,0.318181818,11.1,88.86363636,40.86363636,7.590909091,20.5,764.5,0,4,-7,9.272727273
2023/5/9 14:00,34.3,0.31,7.8,99.8,30.40909091,6.090909091,21.9,763,-1.5,4,-8.8,6.227272727
2023/5/9 17:00,31.4,0.31,9.35,99.2,23.27272727,6.45,21.9,762,-1.1,3,-9.9,5.954545455
2023/5/9 20:00,36.8,0.435,42.55,59.35,33.86363636,6.3,14,762.2,0.2,1,-3.3,11
2023/5/9 23:00,58.15,0.572727273,67.65,23.3,65.72727273,25.63636364,10.1,762.4,0.1,1,-1,20.77272727
2023/5/10 2:00,64.15,0.718181818,56.2,26.2,74.63636364,40.31818182,8.8,762,-0.4,1,0,24.5
2023/5/10 5:00,70.45,1.254545455,52.85,26.1,86.36363636,39.45454545,8,762.7,0.8,1,1.8,35.36363636
2023/5/10 8:00,82.83333333,1.590909091,51.65,37.66666667,108.6363636,31.45454545,17.2,764.1,1.3,2,4.2,50.72727273
2023/5/10 11:00,62.63636364,0.681818182,33.86363636,72.36363636,73.77272727,17.90909091,22.6,764.3,0.3,3,1,32
2023/5/10 14:00,39.63636364,0.354545455,10.18181818,109.5,41.72727273,6.863636364,23.4,763.6,-0.7,4,-3,15.68181818
2023/5/10 17:00,37.59090909,0.327272727,10.77272727,117.9545455,29.31818182,6.636363636,22.5,763.3,-0.4,3,-6.3,10.68181818
2023/5/10 20:00,35.36363636,0.377272727,25.54545455,88.59090909,34.63636364,7.045454545,18.3,764.2,1,2,-7.2,13.77272727
2023/5/10 23:00,43.18181818,0.463636364,42.63636364,61.13636364,43.77272727,10.90909091,10.9,765.1,0.8,1,-2.9,19
2023/5/11 2:00,51.13636364,0.55,59.68181818,31.90909091,54,10.22727273,7.3,764.3,-0.7,2,-0.4,22.18181818
2023/5/11 5:00,59.81818182,1.295454545,49.04545455,26.54545455,72,16.18181818,6.7,764.8,0.5,1,0.4,36
2023/5/11 8:00,63.72727273,1.577272727,49.22727273,48.27272727,77.90909091,21,14.6,765.7,0.8,1,1.2,37.81818182
2023/5/11 11:00,42.40909091,0.581818182,19.68181818,114.4090909,42.40909091,8.636363636,22.2,764,-1.6,1,-7.5,17.45454545
2023/5/11 14:00,40.90909091,0.513636364,14.36363636,129.4545455,33.54545455,9.227272727,25.8,761.5,-2.4,2,-1.1,15.59090909
2023/5/11 17:00,42.31818182,0.495454545,19.77272727,125.3181818,38.54545455,13.5,26.4,760,-1.5,2,-2.3,18
2023/5/11 20:00,56.18181818,0.872727273,72.54545455,59.36363636,62.40909091,17.95454545,17.7,760.3,0.2,1,1.7,28.95454545
2023/5/11 23:00,75.77272727,0.722727273,27.04545455,133.6818182,95.40909091,12.13636364,19.8,760.4,0.2,2,3.1,51.04545455
2023/5/12 2:00,74.54545455,1.181818182,43.63636364,68.04545455,95,51.27272727,16.2,759.7,-0.7,1,4.9,48.40909091
2023/5/12 5:00,71.68181818,1.145454545,34.59090909,82.68181818,87.95454545,34.63636364,15.5,759.3,-0.4,1,7,45.45454545
2023/5/12 8:00,53.04545455,0.981818182,43.5,81.77272727,56.40909091,19,20.9,758.7,-0.7,2,4.5,24.86363636
2023/5/12 11:00,73.85,0.65,16.2,143.7272727,93.40909091,13.31818182,25.5,757.3,-1.3,5,2.2,25.5
2023/5/12 14:00,65.59090909,0.604545455,14.18181818,160.4545455,80.54545455,11.86363636,27.1,755.5,-1.8,5,2.2,26.36363636
2023/5/12 17:00,64.63636364,0.55,18.68181818,145.1363636,78.72727273,11.09090909,23.9,755.8,0.3,4,5.8,24.86363636
2023/5/12 20:00,63.36363636,0.631818182,21.13636364,136.5909091,76.45454545,8.5,16.8,758.1,2.2,6,11.3,37
2023/5/12 23:00,69.31818182,0.772727273,20.72727273,133.8636364,87.72727273,12.27272727,15.7,758.2,0.2,2,10.5,41.18181818
2023/5/13 2:00,66,0.795454545,19,120,79.59090909,14.18181818,14.3,758,-0.2,1,12.9,40.63636364
2023/5/13 5:00,62.04545455,0.886363636,19.22727273,80.36363636,70.72727273,9.045454545,13.2,758.3,0.2,2,12.7,37.40909091
2023/5/13 8:00,49.31818182,0.840909091,26,81.27272727,51.68181818,13.36363636,13.3,759.1,0.8,1,13.3,27.63636364
2023/5/13 11:00,47.45454545,1.209090909,29.90909091,70.18181818,45.09090909,17.81818182,13.5,758.8,-0.4,2,13,31.36363636
2023/5/13 14:00,44.86363636,0.75,17.04545455,92.86363636,42.13636364,16.68181818,16.6,757.6,-1,3,11.5,28
2023/5/13 17:00,37.59090909,0.627272727,13.95454545,107.5909091,34.59090909,15.90909091,17.8,756.8,-0.9,3,10.4,22.18181818
2023/5/13 20:00,31.77272727,0.795454545,23.09090909,83.68181818,29.86363636,14.95454545,13.5,757.3,0.5,2,10.9,18.5
2023/5/13 23:00,37.68181818,1.045454545,33.22727273,53.59090909,32.63636364,14.77272727,10.3,757.3,-0.1,0,10.3,24.09090909
2023/5/14 2:00,37.5,0.972727273,31.18181818,49.45454545,34.90909091,12.63636364,9,756.4,-0.8,0,9,23.63636364
2023/5/14 5:00,42.09090909,1.059090909,32.09090909,45.45454545,41.13636364,13.95454545,8.8,755.3,-1.1,1,8.8,27.09090909
2023/5/14 8:00,33.86363636,0.963636364,29.40909091,69.04545455,33.59090909,15.90909091,16.7,755,-0.3,2,9.9,21.90909091
2023/5/14 11:00,38.18181818,0.740909091,17.40909091,111.6818182,34.68181818,15.31818182,21.5,754,-1,4,9.7,17.09090909
2023/5/14 14:00,47.40909091,0.677272727,15.13636364,143.2272727,43.45454545,12.36363636,25.6,752,-2,4,10.6,17.68181818
2023/5/14 17:00,47.59090909,0.572727273,14.31818182,148.4545455,38.09090909,9.318181818,24.8,751.1,-0.9,4,10.3,12.81818182
2023/5/14 20:00,36.27272727,0.554545455,17.36363636,109,40.72727273,13.45454545,20.4,752.7,1.7,4,9,17.59090909
2023/5/14 23:00,35.45454545,0.513636364,14.27272727,110.3181818,31.22727273,16.04545455,19.3,751.6,-1.1,3,3.9,12.36363636
2023/5/15 2:00,47.54545455,0.727272727,28.54545455,77.27272727,49.68181818,24,12.1,751.5,-0.1,1,6.8,18.27272727
2023/5/15 5:00,53.31818182,0.890909091,25.81818182,87.31818182,57.95454545,23.90909091,11.6,751.3,-0.2,0,9,25.54545455
2023/5/15 8:00,57.72727273,0.859090909,22.86363636,112.6363636,65.13636364,17.40909091,19.4,751.5,0.2,3,10.4,30.81818182
2023/5/15 11:00,51.40909091,0.722727273,16.45454545,152.2727273,51.63636364,13.68181818,24.2,751.1,-0.4,5,11.9,23.95454545
2023/5/15 14:00,67.86363636,0.763636364,14.36363636,170.5909091,55.86363636,12.90909091,25,750.2,-0.9,4,13.6,25.90909091
2023/5/15 17:00,57.72727273,0.731818182,17.63636364,138.2727273,64.90909091,14.18181818,23,750.4,0.2,3,13.5,32.45454545
2023/5/15 20:00,56.72727273,0.822727273,22.40909091,119.5,62.59090909,12.09090909,19.8,751.9,1.5,1,13,31.95454545
2023/5/15 23:00,59.27272727,0.936363636,25.09090909,117.6818182,68.36363636,13.5,19.2,751.5,-0.4,2,13.4,35.18181818
2023/5/16 2:00,60.09090909,0.818181818,19.95454545,132.8181818,69.72727273,12.77272727,17.6,750,-1.5,1,13.5,34.81818182
2023/5/16 5:00,63.22727273,0.945454545,21.68181818,124.4090909,75.27272727,15.36363636,15.1,749.5,-0.5,1,15.1,39.27272727
2023/5/16 8:00,58.81818182,0.868181818,21.36363636,133.9090909,67.31818182,21.13636364,24,749.5,0,5,14.1,31.22727273
2023/5/16 11:00,60.63636364,0.740909091,15.13636364,149.0454545,74.90909091,13.09090909,28.2,749.1,-0.3,6,16.2,28.22727273
2023/5/16 14:00,62.36363636,0.731818182,13.45454545,162.0454545,86.68181818,12,30.3,748.5,-0.6,6,15.6,30.63636364
2023/5/16 17:00,64.77272727,0.636363636,15.63636364,152.7727273,79.04545455,10.36363636,28.7,748.5,0,5,12.6,30.13636364
2023/5/16 20:00,62.59090909,0.636363636,19.45454545,134.7727273,75.13636364,8.590909091,21.4,752.8,4.2,1,16.8,26.63636364
2023/5/16 23:00,47.63636364,0.613636364,22.40909091,106.4545455,47.81818182,8.227272727,20.5,754.2,1.5,4,15.9,25.18181818
2023/5/17 2:00,52.63636364,0.595454545,16.95454545,85.45454545,50.36363636,6.772727273,18,754,-0.3,1,18,32.09090909
2023/5/17 5:00,73.13636364,0.681818182,20.59090909,40.27272727,83.72727273,6.681818182,15.7,754.9,0.9,3,15.7,50.45454545
2023/5/17 8:00,31.86363636,0.531818182,22.81818182,55.90909091,29.54545455,6.681818182,15.3,756.6,1.6,4,11.1,17.45454545
2023/5/17 11:00,21.90909091,0.454545455,22,62.40909091,20.59090909,5.954545455,13.3,758.6,2,2,11.2,11.31818182
2023/5/17 14:00,20.31818182,0.586363636,27.27272727,54.13636364,17.54545455,6.181818182,13.3,758.2,-0.4,2,13.3,9.590909091
2023/5/17 17:00,22.63636364,0.609090909,31.31818182,42.81818182,20.90909091,6.227272727,13.6,758,-0.2,2,13.6,12.22727273
2023/5/17 20:00,37.27272727,0.65,42.13636364,23,36.54545455,5.772727273,13.3,759.5,1.5,1,13.3,21.72727273
2023/5/17 23:00,40.18181818,0.690909091,47.36363636,7,39.13636364,5.636363636,11,760,0.4,1,11,23.72727273
2023/5/18 2:00,38.09090909,0.65,41.5,10.54545455,38.40909091,5.772727273,10.6,760.2,0.2,0,10.6,20.72727273
2023/5/18 5:00,28.27272727,0.904545455,30.59090909,21.5,27.59090909,5.636363636,11,760.8,0.6,2,11,14.36363636
2023/5/18 8:00,43.13636364,1.025,26.59090909,39.90909091,41.36363636,6.227272727,12.9,761.1,0.3,2,12.9,23.22727273
2023/5/18 11:00,41.09090909,0.786363636,25.90909091,66.63636364,42.27272727,6.909090909,19.5,760.5,-0.6,2,12.3,24.09090909
2023/5/18 14:00,33.81818182,0.359090909,12.72727273,106.5454545,19.18181818,7.090909091,23.2,759.1,-1.3,3,3.7,9.636363636
2023/5/18 17:00,36.13636364,0.385,13.86363636,114.5,18.81818182,6.681818182,24,758.1,-1,2,0.3,9.5
2023/5/18 20:00,30.04545455,0.465,34.95454545,72.09090909,25.90909091,6.318181818,17.7,758.6,0.5,1,4.3,10.18181818
2023/5/18 23:00,40.04545455,0.545,60.40909091,26.31818182,37.09090909,7.454545455,11.9,758.4,-0.2,0,8.2,15.31818182
2023/5/19 2:00,37.31818182,0.82,46.5,24.18181818,37.22727273,7.5,11,757.9,-0.4,1,8,17.13636364
2023/5/19 5:00,42.5,1.13,41.22727273,16.95454545,43.63636364,9.136363636,10,757.6,-0.3,1,7.6,18.86363636
2023/5/19 8:00,46.40909091,1.56,37.95454545,41.81818182,48.86363636,14.95454545,18.3,757.6,-0.1,2,9.4,20.95454545
2023/5/19 11:00,46.40909091,0.981818182,32.68181818,89.86363636,48.45454545,23.5,24.3,756.8,-0.8,3,6.6,19.68181818
2023/5/19 14:00,45.68181818,0.481818182,15.04545455,136.5,35.18181818,10.13636364,26.6,755,-1.7,5,5,12.86363636
2023/5/19 17:00,47.5,0.6,17.90909091,136,46.18181818,9.636363636,25.6,753.7,-1.3,4,9,18.27272727
2023/5/19 20:00,49,0.59,22.36363636,109.8181818,51.77272727,12.54545455,22.3,753.4,-0.3,3,10.1,22.18181818
2023/5/19 23:00,33.36363636,0.422727273,15.09090909,92.45454545,29.72727273,15.59090909,20.5,753.6,0.2,3,9.4,11.95454545
2023/5/20 2:00,283.5,0.386363636,8.727272727,74.45454545,407.6363636,6,13.7,754.9,1.3,1,11.4,104.5
2023/5/20 5:00,303.3636364,0.418181818,14.09090909,61,424.2727273,5.272727273,12.6,754.6,-0.3,1,11,110.4545455
2023/5/20 8:00,151.7727273,0.709090909,25.77272727,57.27272727,253.0454545,5.727272727,14,754.2,-0.5,1,12.9,76.5
2023/5/20 11:00,94.81818182,0.854545455,21.54545455,68.72727273,137.0909091,12.54545455,18.6,753.3,-0.8,4,13.9,61.40909091
2023/5/20 14:00,272.4090909,0.359090909,12.27272727,87.04545455,397.5454545,6.681818182,21.2,752.6,-0.8,5,2,87.36363636
2023/5/20 17:00,203.5,0.409090909,19.59090909,87.54545455,342.9090909,7.909090909,19.9,752.4,-0.2,4,5.9,72.18181818
2023/5/20 20:00,342.1363636,0.377272727,19.54545455,70.31818182,455.6363636,7.409090909,18.2,753.4,1.1,4,3.7,87.90909091
2023/5/20 23:00,201.4090909,0.568181818,25.77272727,50.72727273,340.1818182,8.181818182,17.4,754.55,1.1,3,3.65,72.18181818
2023/5/21 2:00,195.8181818,0.340909091,15.22727273,48.27272727,331.9545455,6.181818182,16.6,755.7,1.1,2,3.6,56.81818182
2023/5/21 5:00,151.0454545,0.322727273,13.86363636,46.22727273,251.3181818,5.818181818,14.2,756.7,1.1,2,4.2,45.45454545
2023/5/21 8:00,210.3181818,0.345454545,11.81818182,44.72727273,350.7727273,6.409090909,15.4,758.4,1.6,3,5,60.59090909
2023/5/21 11:00,127.9545455,0.345454545,9.545454545,70.45454545,205.1363636,6.409090909,18.1,759.1,0.8,3,6,39.72727273
2023/5/21 14:00,104.7727273,0.331818182,8.409090909,92.90909091,159.3181818,5.727272727,21.1,758.6,-0.6,3,6.2,27.95454545
2023/5/21 17:00,51.45454545,0.318181818,10,98.09090909,55.22727273,6.181818182,22.5,757.9,-0.6,2,4.5,14
2023/5/21 20:00,54.3,0.4,27.2,68.7,59.7,6.5,16.9,758.7,0.7,1,3.6,17.5
2023/5/21 23:00,68,0.645,64.15,17.75,85.85,7.15,11.9,759.3,0.5,0,7.2,24.6
2023/5/22 2:00,79,0.735,61.4,4.777777778,107.35,11.05,8.9,759.4,0.1,1,7.2,30.8
2023/5/22 5:00,73.95,1.08,45.35,5,97.1,10.4,7.9,759.3,-0.1,1,7.1,29.3
2023/5/22 8:00,81,1.46,49.45,29.6,112.35,44.8,18.4,759.2,0,2,10,34.75
2023/5/22 11:00,67.81818182,1.218181818,38.18181818,61.86363636,84.90909091,34.31818182,22.1,758.6,-0.6,2,7.1,27.63636364
2023/5/22 14:00,43.90909091,0.454545455,11.77272727,118.7272727,43.04545455,12.36363636,25.2,757.1,-1.5,3,3.2,14.40909091
2023/5/22 17:00,49.55,0.435,15.15,110.75,51.15,8.9,22.9,756.8,-0.3,4,2.9,13.8
2023/5/22 20:00,46.5,0.545454545,57.59090909,48.04545455,47.86363636,7.5,15.3,757.4,0.6,0,6.3,16.59090909
2023/5/22 23:00,60.63636364,0.759090909,70.81818182,23.18181818,70.95454545,18.40909091,12.1,758.2,0.8,0,6.8,23.40909091
2023/5/23 2:00,61.72727273,0.863636364,62.31818182,19.59090909,73.04545455,35.04545455,10.2,757.9,-0.2,1,6.7,26.86363636
2023/5/23 5:00,60.68181818,1.281818182,60.27272727,9.545454545,71.63636364,19.27272727,8.5,758.1,0.1,1,6.8,28.86363636
2023/5/23 8:00,62.81818182,1.381818182,48.54545455,37.59090909,75.68181818,21.59090909,18.8,758.4,0.3,1,8.2,29.68181818
2023/5/23 11:00,53.95,1.065,33.85,97.25,58.7,24.2,25.4,757.7,-0.7,2,5.6,22.6
2023/5/23 14:00,42.3,0.525,13.4,134,33.3,12.05,27.6,756.5,-1.2,2,0.4,14.3
2023/5/23 17:00,41.45454545,0.459090909,13.31818182,130.8636364,27.5,8.590909091,28.1,755.7,-0.8,2,0.8,11.90909091
2023/5/23 20:00,36.90909091,0.527272727,51.81818182,71.95454545,36.18181818,7.681818182,18.4,756.2,0.5,0,6.3,14.31818182
2023/5/23 23:00,48.36363636,0.504545455,54.95454545,45.09090909,51.90909091,18.95454545,18.6,757,0.9,2,5.1,17.54545455
2023/5/24 2:00,60.63636364,1.113636364,43.40909091,55.72727273,70.40909091,55.27272727,12.4,756.7,-0.3,1,7.1,24.54545455
2023/5/24 5:00,48.40909091,1.068181818,38.81818182,60.36363636,49.68181818,28.90909091,11.2,756.4,-0.3,1,6.5,20.18181818
2023/5/24 8:00,47.81818182,0.963636364,32.95454545,83.95454545,49.22727273,24.95454545,23.2,756.5,0.1,3,5.2,16.27272727
2023/5/24 11:00,55.63636364,0.645454545,17.22727273,151.8636364,67.40909091,13.13636364,26.7,756.1,-0.4,5,7.7,19.77272727
2023/5/24 14:00,67.22727273,0.586363636,13.90909091,172.4090909,66.18181818,12.18181818,27.8,755.1,-1,5,8.7,18.59090909
2023/5/24 17:00,60.5,0.568181818,14.36363636,164.5909091,62.45454545,10.04545455,26.6,754.6,-0.5,5,6.1,16.27272727
2023/5/24 20:00,54.45454545,0.577272727,17.86363636,146.8181818,58.77272727,12.68181818,22.2,756.2,1.6,3,6.4,19.27272727
2023/5/24 23:00,60.86363636,0.704545455,18.90909091,155.0909091,71.22727273,17.27272727,20.1,756.5,0.3,3,7.8,28
2023/5/25 2:00,62.54545455,0.7,16.86363636,151.3181818,74.31818182,27.5,19.4,756.3,-0.2,3,8.1,30.54545455
2023/5/25 5:00,58.95454545,0.786363636,19.04545455,133.4545455,67.36363636,27.18181818,18.4,757.1,0.8,3,8.7,28.13636364
2023/5/25 8:00,54.04545455,0.686363636,20.81818182,118.5909091,59.72727273,19.22727273,20.3,756.8,-0.3,4,9.2,24.5
2023/5/25 11:00,55.59090909,0.545454545,13.5,117.7272727,60.86363636,11.5,22.1,756.9,0.1,8,6.7,17.45454545
2023/5/25 14:00,53.90909091,0.427272727,12.22727273,117.5,60.68181818,8.636363636,22.3,756.1,-0.8,8,5.7,14.81818182
2023/5/25 17:00,44.04545455,0.390909091,13.31818182,119.3636364,42.31818182,7.818181818,21.2,756.6,0.5,6,5.1,10.77272727
2023/5/25 20:00,38.59090909,0.445454545,17.59090909,109.2727273,36.18181818,12.40909091,18,757.7,1,3,6.8,12.90909091
2023/5/25 23:00,38.22727273,0.463636364,17.13636364,106.8181818,37.27272727,18.31818182,17.6,758.2,0.5,3,7.4,14.09090909
2023/5/26 2:00,39.40909091,0.495454545,14.13636364,103.1818182,37.22727273,14.27272727,17.5,758.3,0.1,3,8.6,14.04545455
2023/5/26 5:00,48.15,0.613636364,18.18181818,89.45454545,49.63636364,15.36363636,16.3,759.7,1.4,2,10.4,18.85
2023/5/26 8:00,56.55,0.686363636,19.18181818,98.45454545,63.90909091,16.63636364,20,760.4,0.7,5,12.3,26.9
2023/5/26 11:00,61.4,0.82,17.63636364,141.9545455,72.18181818,13.09090909,24.1,760.6,0.2,4,13.3,34.1
2023/5/26 14:00,77.7,0.890909091,17.40909091,178.9090909,72,13.72727273,27.1,759.7,-0.8,4,13.1,35.31818182
2023/5/26 17:00,66.86363636,0.654545455,17.90909091,160.7727273,62.13636364,11.72727273,26.8,759.4,-0.3,4,13.9,26.09090909
2023/5/26 20:00,51.31818182,0.727272727,21.86363636,94.77272727,53.86363636,17.22727273,21.6,760.5,1,2,12.7,21.72727273
2023/5/26 23:00,49.36363636,0.768181818,23.45454545,72.54545455,50.59090909,14.22727273,15.8,761.8,1.3,1,12.7,21.27272727
2023/5/27 2:00,50.13636364,0.740909091,22.13636364,84.22727273,52.54545455,12.45454545,13,761.4,-0.4,0,11.4,21.36363636
2023/5/27 5:00,48.59090909,0.809090909,25.45454545,76.18181818,49.86363636,25.77272727,12.8,761.7,0.3,0,11.5,22.5
2023/5/27 8:00,47.04545455,0.75,23.27272727,88.81818182,46.04545455,11.40909091,20.5,761.6,-0.1,3,12.5,22.90909091
2023/5/27 11:00,47.86363636,0.7,17.13636364,101.5,47.54545455,16.77272727,22.8,761.7,0.1,4,12.7,19.5
2023/5/27 14:00,48.22727273,0.7,14.40909091,120.8636364,48.18181818,12.13636364,23.7,760.6,-1,5,13,21.13636364
2023/5/27 17:00,43.13636364,0.668181818,15.81818182,107.4545455,41.63636364,10.04545455,22.5,759.7,-0.9,3,13.6,21.22727273
2023/5/27 20:00,44.45454545,0.690909091,20.04545455,79.04545455,44.86363636,15.5,19.7,760.4,0.6,2,12.9,20.5
2023/5/27 23:00,50.68181818,0.822727273,26.54545455,74.40909091,53.90909091,19.68181818,15,759.7,-0.6,0,12.3,24.77272727
2023/5/28 2:00,52.90909091,0.895454545,38.54545455,43,57.45454545,31.27272727,12.6,759.5,-0.3,1,11.5,29.27272727
2023/5/28 5:00,57.27272727,0.881818182,52.45454545,16.36363636,64.68181818,22.95454545,12.1,759.6,0.1,1,11.5,31.31818182
2023/5/28 8:00,56.54545455,1.154545455,32.36363636,64.45454545,64.18181818,12.04545455,19.9,759.4,-0.1,1,12.7,32.13636364
2023/5/28 11:00,50.81818182,0.831818182,22.04545455,122.0454545,51.72727273,10.36363636,24.7,759.3,-0.2,2,13,24.5
2023/5/28 14:00,55.45454545,0.636363636,14.5,159.2727273,46.22727273,9.636363636,27.5,758.2,-1,2,11.1,21.13636364
2023/5/28 17:00,49.40909091,0.554545455,16.27272727,151.6818182,45.13636364,8,27.3,758.2,-0.1,1,11.3,20.04545455
2023/5/28 20:00,52.59090909,0.681818182,32.90909091,115.3636364,55.40909091,7.727272727,21.8,758.7,0.6,1,13.4,25.13636364
2023/5/28 23:00,60.45454545,0.781818182,61.81818182,64.18181818,70.54545455,7.818181818,18.6,759.2,0.5,1,13.9,34.04545455
2023/5/29 2:00,58.95454545,0.640909091,62.54545455,31.68181818,69.04545455,8.136363636,20.2,759.3,0.1,2,14.3,38.09090909
2023/5/29 5:00,34.45,0.525,54.55,22.1,32.8,7.8,18.6,760.4,1.1,2,11.4,15.2
2023/5/29 8:00,29,0.568181818,51.36363636,16.09090909,24.27272727,7.136363636,17.4,761.9,1.4,1,11.4,12.04545455
2023/5/29 11:00,32.31818182,0.454545455,22.5,84.40909091,27.04545455,8.318181818,24.9,761.6,-0.2,3,7.5,11.54545455
2023/5/29 14:00,31.90909091,0.368181818,12.31818182,101.0454545,19.95454545,5.954545455,27.4,760.6,-1,3,4.5,6.863636364
2023/5/29 17:00,34.5,0.386363636,14.13636364,108.9090909,23.22727273,6.181818182,26.9,760.1,-0.5,3,5.2,7.5
2023/5/29 20:00,31.40909091,0.4,25.45454545,94.31818182,22.36363636,6.090909091,22,760.8,0.6,2,4.1,6.545454545
2023/5/29 23:00,44.31818182,0.663636364,72.45454545,20.63636364,42.77272727,7.454545455,14.7,761.2,0.4,1,8,13.09090909
2023/5/30 2:00,49.04545455,0.745454545,68.36363636,11.09090909,52.22727273,11.18181818,12,761.2,0,1,7.3,17.72727273
2023/5/30 5:00,52.72727273,1.172727273,54.45454545,13.31818182,57.59090909,14.09090909,12.1,761.1,-0.1,1,7.4,23
2023/5/30 8:00,54.27272727,1.559090909,51.95454545,41.68181818,60.72727273,16.72727273,19.1,760.7,-0.4,2,8.7,25.59090909
2023/5/30 11:00,47.36363636,0.75,30.36363636,102,47.5,10.90909091,25.8,760.1,-0.6,2,6.4,18.81818182
2023/5/30 14:00,47.40909091,0.472727273,13.27272727,147.6818182,30.27272727,8.090909091,27.9,759,-1.1,2,2.9,13.81818182
2023/5/30 17:00,45.5,0.445454545,20.40909091,136.8181818,32.27272727,8,27.2,757.9,-1.1,1,3.7,13.77272727
2023/5/30 20:00,38.5,0.513636364,47.5,80.31818182,36.40909091,7.409090909,19.6,758.3,0.4,1,5.6,14.04545455
2023/5/30 23:00,52.9,0.718181818,91.3,22.85,51,8.25,15.4,758.2,0,0,8.2,23.5
2023/5/31 2:00,48.77272727,0.731818182,78.27272727,17,49.63636364,9.318181818,13.1,757.6,-0.6,1,8.4,20.59090909
2023/5/31 5:00,49.54545455,0.872727273,71.95454545,10.36363636,53.5,14.72727273,11.5,757.7,0,0,9.2,21.59090909
2023/5/31 8:00,71.75,1.63,64.7,37.6,92.25,47.6,21.8,757.2,-0.4,2,9.7,39.7
2023/5/31 11:00,56.54545455,0.886363636,24.54545455,128.3636364,60.90909091,24.27272727,27.2,755.8,-1.4,4,4.9,27.72727273
2023/5/31 14:00,56.77272727,0.786363636,19.5,156.5454545,63.09090909,16.36363636,27.2,754.1,-1.7,6,3,21.22727273
2023/5/31 17:00,42.63636364,0.413636364,15.18181818,115.5909091,40.22727273,8,26.7,752.2,-1.9,4,4.5,6.409090909
2023/5/31 20:00,44.9,0.555,23.55,107.15,47.9,12.85,24,752.3,0.2,3,6.8,8.75
2023/5/31 23:00,39.13636364,0.636363636,20.59090909,105.4090909,37.59090909,14.22727273,22.7,752.1,-0.2,4,4.3,9.727272727
2023/6/1 2:00,46.4,0.665,17.9,112.05,45.7,11.35,22.1,751.6,-0.6,4,6.3,16.25
2023/6/1 5:00,46.77272727,0.809090909,22.09090909,99.77272727,47,15.31818182,21.7,751.5,0,4,7.2,18.13636364
2023/6/1 8:00,52.3,1.05,27.05,92.95,58.45,15.25,23.9,750.9,-0.6,6,14.3,25.5
2023/6/1 11:00,59.72727273,1.013636364,20.5,113.5909091,67.81818182,11.45454545,26.2,750.2,-0.7,5,16.2,33.72727273
2023/6/1 14:00,55.54545455,0.845454545,16.04545455,158.6363636,60.5,9.454545455,28,748.2,-2,3,14.6,31
2023/6/1 17:00,49.36363636,0.490909091,16.90909091,110.3181818,53.40909091,5.5,18.4,749.8,1.5,2,13.1,15
2023/6/1 20:00,40.22727273,0.636363636,19.54545455,92.09090909,41.68181818,5.136363636,16.3,751.9,2.1,1,13.4,15.81818182
2023/6/1 23:00,34.59090909,0.590909091,24.45454545,71.77272727,34.04545455,5.545454545,15.2,751.6,1.4,1,13.9,15.04545455
2023/6/2 2:00,44.1,0.555,30.95,45.35,43.65,8.15,15.1,752.3,0.7,1,14.3,24.6
2023/6/2 5:00,34.8,0.46,22.45,48.2,33,5.5,15.5,753.3,0.9,2,11.9,18.75
2023/6/2 8:00,24.45,0.445,19.9,52.15,23.7,6.85,18.7,754.2,0.9,3,11.3,10.3
2023/6/2 11:00,28.09090909,0.409090909,15.18181818,87.5,23.09090909,7.090909091,23.7,754.6,0.5,2,10.7,8.863636364
2023/6/2 14:00,31.63636364,0.331818182,9.181818182,99.59090909,13.45454545,5.318181818,26.1,754.3,-0.3,3,5.1,3.5
2023/6/2 17:00,33.09090909,0.331818182,11.81818182,104.6818182,11.77272727,5.227272727,26.1,754,-0.3,2,4.6,3.409090909
2023/6/2 20:00,30.04545455,0.45,46.18181818,58,21.5,5,19,754.9,0.9,0,6.2,6.5
2023/6/2 23:00,46.5,0.681818182,82.04545455,11.59090909,47.04545455,6.363636364,14.9,755.2,0.3,1,8.6,19.09090909
2023/6/3 2:00,34.68181818,0.490909091,52.22727273,34.27272727,34.68181818,8.090909091,17.6,754.9,-0.3,2,9,12.72727273
2023/6/3 5:00,26.81818182,0.431818182,40.63636364,22.54545455,26.72727273,6.636363636,13.7,755.7,0.8,1,8.7,10.90909091
2023/6/3 8:00,20.81818182,0.395454545,24.45454545,40.36363636,20.72727273,6.409090909,22.1,756.4,0.7,2,5.9,7.318181818
2023/6/3 11:00,23.59090909,0.359090909,14.77272727,74.31818182,18.63636364,6.454545455,25.4,756.4,0,4,7.1,6.090909091
2023/6/3 14:00,33.18181818,0.327272727,9.318181818,104.2272727,14.45454545,5.590909091,27.3,755.5,-0.9,3,4.4,3.95
2023/6/3 17:00,34.81818182,0.327272727,10.95454545,109.5,15.36363636,5.545454545,27.4,755.1,-0.4,3,3.8,3.909090909
2023/6/3 20:00,28.31818182,0.418181818,37.81818182,63.54545455,22.63636364,5.409090909,21,755.6,0.5,1,5.8,6.909090909
2023/6/3 23:00,38.59090909,0.495454545,58.72727273,33.54545455,38.86363636,7.045454545,20.5,755.9,0.3,2,6.5,13.22727273
2023/6/4 2:00,28.63636364,0.527272727,35.45454545,53.54545455,28.09090909,10.36363636,18.6,755.8,-0.1,2,9.7,10.5
2023/6/4 5:00,45.18181818,0.954545455,44.90909091,31.13636364,48.27272727,13.81818182,17.1,755.8,0,1,10.9,22.5
2023/6/4 8:00,55.68181818,1.377272727,40.90909091,47.09090909,60.54545455,18.27272727,21,756.4,0.6,3,11.1,30.68181818
2023/6/4 11:00,34.81818182,0.518181818,24.77272727,77.5,34.54545455,10.45454545,27.3,756,-0.4,3,7.7,14.09090909
2023/6/4 14:00,32.40909091,0.327272727,8.772727273,102.2727273,13.59090909,5.590909091,29.2,754.6,-1.3,3,2.5,5.272727273
2023/6/4 17:00,35.36363636,0.318181818,9.954545455,111.7272727,12.5,5.363636364,29.6,754.6,-0.1,5,-0.7,4.863636364
2023/6/4 20:00,30.68181818,0.404545455,40.63636364,75.27272727,20.77272727,6.045454545,20.5,754.7,0.1,1,6.1,7.818181818
2023/6/4 23:00,32.95454545,0.427272727,31,77.27272727,31.22727273,9.772727273,21.9,755.3,0.7,2,9.4,9.636363636
2023/6/5 2:00,52.09090909,1.272727273,43.18181818,78.09090909,54.63636364,36.31818182,17.6,754.6,-0.8,1,10,26.09090909
2023/6/5 5:00,50.18181818,1.390909091,48.18181818,58.31818182,52.22727273,33.09090909,16.2,753.7,-0.9,1,10.3,23.18181818
2023/6/5 8:00,62.40909091,1.031818182,30.18181818,111.1363636,73.5,17.72727273,23,753.9,0.2,4,12,38.59090909
2023/6/5 11:00,32.40909091,0.340909091,10.72727273,102.4545455,18.04545455,6.409090909,25.9,753.7,-0.2,5,6,5.409090909
2023/6/5 14:00,37.22727273,0.340909091,9.181818182,118.6363636,18.40909091,6,27,753.3,-0.4,5,6.4,5.363636364
2023/6/5 17:00,37.68181818,0.340909091,10.36363636,119.0909091,16.59090909,5.636363636,27.7,752.6,-0.7,3,5.3,5.227272727
2023/6/5 20:00,29.59090909,0.418181818,33.04545455,82.86363636,22.77272727,6.409090909,21.4,753.1,0.5,1,8,8.136363636
2023/6/5 23:00,69.09090909,0.818181818,27.27272727,138.9545455,80.81818182,8.681818182,21.4,753.6,0.6,2,15.7,40.90909091
2023/6/6 2:00,85.90909091,1.268181818,30.81818182,107.8181818,100.3181818,39.40909091,18.8,752.2,-1.5,1,14.7,59.77272727
2023/6/6 5:00,82,1.145454545,24.68181818,91.90909091,98.04545455,13.04545455,19.7,752.9,0.8,2,16.5,59.40909091
2023/6/6 8:00,34.90909091,0.595454545,22.40909091,83.68181818,26.36363636,8.681818182,17.5,753.1,0.1,2,13.8,15.77272727
2023/6/6 11:00,40.27272727,0.459090909,15.13636364,125.8181818,13.90909091,8.818181818,23.7,752.5,-0.6,3,13,6.181818182
2023/6/6 14:00,42.13636364,0.440909091,10.54545455,133.8181818,14.45454545,6.909090909,26.8,751.6,-0.9,4,9.6,5.954545455
2023/6/6 17:00,46.59090909,0.436363636,13.5,147.7272727,19.09090909,6.772727273,27.1,750.8,-0.7,3,12,8.909090909
2023/6/6 20:00,37.68181818,0.495454545,29.77272727,118.7727273,27.04545455,12.81818182,23.1,751,0.1,1,11.8,11.31818182
2023/6/6 23:00,37.72727273,0.663636364,38,83.40909091,35.72727273,28.63636364,21.4,751.2,0.3,3,10.6,15.04545455
2023/6/7 2:00,37.36363636,0.722727273,22.40909091,89.72727273,35.63636364,24.13636364,20.4,750.2,-1,3,13.4,18.27272727
2023/6/7 5:00,36.90909091,0.622727273,18.36363636,98,35.04545455,19.95454545,19.7,750.6,0.4,2,12.5,18.86363636
2023/6/7 8:00,35.81818182,0.622727273,20.04545455,103.5454545,37.86363636,13.54545455,22.7,750.7,0.1,3,12.6,18.68181818
2023/6/7 11:00,36.04545455,0.536363636,21.18181818,110.3636364,36.31818182,26.68181818,24.4,750.8,0.1,3,12,17.5
2023/6/7 14:00,44.27272727,0.672727273,14.04545455,139.9090909,37.63636364,12,26.2,749.5,-1.3,5,13.7,18.18181818
2023/6/7 17:00,42.81818182,0.65,19.13636364,120.8181818,42.04545455,10.40909091,23.5,750.1,0.5,2,13.9,20.36363636
2023/6/7 20:00,38.59090909,0.690909091,20.18181818,103.8636364,34.95454545,11.63636364,20.8,752.2,2.1,3,14.7,20.22727273
2023/6/7 23:00,34.22727273,0.672727273,26.45454545,67.59090909,30,5.545454545,17.5,752.5,0.3,1,16.5,21
2023/6/8 2:00,48.18181818,0.722727273,23.86363636,41.59090909,42.09090909,5.227272727,16.5,752.5,0,1,16,31.04545455
2023/6/8 5:00,41.40909091,0.804545455,36.36363636,15,37.5,5.318181818,15,751.8,-0.7,0,14.7,26
2023/6/8 8:00,50,0.809090909,37.13636364,50.04545455,46.95454545,27.72727273,21,751.5,-0.3,2,14.4,32.77272727
2023/6/8 11:00,29.3,0.41,15.95,91.65,17.55,8.55,25,751,-0.5,3,5.7,5.65
2023/6/8 14:00,31.95,0.36,8.9,100.95,15.2,7.45,26.4,750.3,-0.7,3,5.4,3.65
2023/6/8 17:00,30.1,0.345,10.85,95.05,13.1,6.45,26,749.8,-0.5,4,3.9,3.2
2023/6/8 20:00,24.81818182,0.377272727,32.5,63.04545455,16.5,6.272727273,19.5,750.5,0.7,0,5.2,4.6
2023/6/8 23:00,32.04545455,0.622727273,47.13636364,39.59090909,30.04545455,23.22727273,16.5,750.5,0,1,9,8
2023/6/9 2:00,39.04545455,1.15,55.68181818,25.86363636,39.36363636,38.59090909,13.6,750,-0.5,1,8.9,12.54545455
2023/6/9 5:00,33.63636364,1.318181818,45.45454545,30.5,32.81818182,21.04545455,13.8,749.6,-0.4,1,9.8,12.95454545
2023/6/9 8:00,33.18181818,1.095454545,38.04545455,37.90909091,33.59090909,23.36363636,19.7,749.3,-0.3,2,9.9,13.68181818
2023/6/9 11:00,36.95,0.718181818,22.35,94.25,38.05,13.63636364,22.4,749.7,0.4,2,10.2,17.5
2023/6/9 14:00,47,0.809090909,25.95454545,106.7272727,47.45454545,10.31818182,24.6,749.1,-0.6,3,11.6,24.77272727
2023/6/9 17:00,32.90909091,0.463636364,17.09090909,104.2727273,21.27272727,9.136363636,24.2,749.2,0.1,2,8.6,9
2023/6/9 20:00,37.13636364,0.731818182,36.04545455,77.27272727,37.13636364,10.54545455,19.8,750.6,1.4,1,12.8,17.59090909
2023/6/9 23:00,38.68181818,0.904545455,38.31818182,57.09090909,38.68181818,10.68181818,17.9,751.3,0.7,2,14.4,20.90909091
2023/6/10 2:00,39.59090909,0.854545455,25.36363636,53.31818182,39.04545455,6.727272727,15.6,750.6,-0.7,0,15,23
2023/6/10 5:00,41.09090909,0.772727273,26.27272727,40,38.45454545,6.772727273,15.9,751,0.4,1,14.8,25.04545455
2023/6/10 8:00,20.68181818,0.540909091,23.77272727,61.18181818,14.36363636,5.454545455,14,753.6,2.5,1,13.1,7.636363636
2023/6/10 11:00,22.86363636,0.695454545,20.09090909,70.90909091,14.22727273,5.818181818,19.3,753.4,-0.1,2,13,10.04545455
2023/6/10 14:00,35.27272727,0.468181818,10.72727273,111.8181818,14.13636364,5.909090909,22.9,753,-0.4,2,12.5,7.318181818
2023/6/10 17:00,33.86363636,0.531818182,16.90909091,107,20.86363636,5.909090909,20.3,753.2,0.2,1,15.5,13.5
2023/6/10 20:00,26.13636364,0.613636364,32.40909091,65.90909091,21.36363636,9.954545455,16.8,753.7,0.5,1,15.2,14.90909091
2023/6/10 23:00,30.04545455,0.745454545,43.27272727,30.95454545,26.22727273,6.636363636,15.1,754.6,0.8,1,13.1,18.36363636
2023/6/11 2:00,25.31818182,0.731818182,31.22727273,25.95454545,24.95454545,7.227272727,13.5,754.6,0,0,12.7,14.36363636
2023/6/11 5:00,25.5,0.768181818,31.27272727,18.90909091,24.86363636,8.136363636,12.5,754.7,0.1,0,12,14.36363636
2023/6/11 8:00,34.77272727,1.163636364,31.31818182,45.13636364,33.72727273,24.40909091,19.2,755.5,0.8,1,14,23.36363636
2023/6/11 11:00,37.09090909,0.672727273,20.40909091,97.81818182,32.90909091,13.31818182,22.3,754.8,-0.6,1,12.8,20.72727273
2023/6/11 14:00,39.86363636,0.477272727,11.54545455,123.7727273,18.18181818,6.818181818,23.7,753.9,-0.9,2,12.7,11.72727273
2023/6/11 17:00,40.09090909,0.413636364,13.22727273,126.7272727,18.81818182,5.636363636,24.4,753.6,-0.3,1,13.3,8.545454545
2023/6/11 20:00,35.90909091,0.736363636,34.27272727,73.63636364,35.40909091,8.227272727,17.7,754.8,1.1,1,14,22.18181818
2023/6/11 23:00,39.59090909,0.927272727,45.31818182,45.09090909,38.86363636,13.31818182,16.1,754.7,0,1,13.4,23.09090909
2023/6/12 2:00,47.40909091,1.268181818,47.22727273,32.18181818,48.86363636,31.13636364,17.1,754.7,0,2,12,25.40909091
2023/6/12 5:00,49.72727273,1.4,46.59090909,23.63636364,52.18181818,34.59090909,15.5,754.8,0.1,2,12.4,29.22727273
2023/6/12 8:00,52.04545455,1.354545455,35.95454545,48.90909091,56.09090909,23.36363636,19.4,755,0.1,1,13.6,33
2023/6/12 11:00,42.40909091,0.740909091,21.59090909,94.81818182,39.40909091,9.454545455,23.1,754.4,-0.5,2,13,23.40909091
2023/6/12 14:00,34.04545455,0.45,16.09090909,106.5,16.18181818,6.272727273,19,754.2,-0.3,3,13.4,9.227272727
2023/6/12 17:00,35.77272727,0.495454545,21.04545455,112.5454545,23.5,5.818181818,21.6,753.2,-0.9,1,14.7,12.68181818
2023/6/12 20:00,28.45454545,0.563636364,28.72727273,80.31818182,26.31818182,6.318181818,19.2,753.7,0.5,1,14,14.81818182
2023/6/12 23:00,36.18181818,0.604545455,48.04545455,37.81818182,34.13636364,6.090909091,14.7,753.8,0.1,1,13.6,19.86363636
2023/6/13 2:00,45.54545455,0.795454545,53.45454545,14.45454545,45.77272727,8.318181818,13.6,753.5,-0.4,1,13,27.31818182
2023/6/13 5:00,48.55,0.825,47.4,7.15,49.75,15.5,13.3,754,0.5,1,12.8,28.8
2023/6/13 8:00,59.40909091,1.040909091,39.18181818,35.59090909,58.22727273,27.31818182,18.9,754.4,0.5,1,14.6,38.77272727
2023/6/13 11:00,47.09090909,0.781818182,23.54545455,120.7272727,47.81818182,12.54545455,23.4,754,-0.4,2,13.9,31.13636364
2023/6/13 14:00,50.68181818,0.595454545,18.54545455,155.5909091,42.54545455,7.727272727,25.4,752.9,-1.1,2,13,24.95454545
2023/6/13 17:00,60.35,0.465,13.6,167.9,27.65,6.15,26,752.6,-0.3,1,13.2,16.4
2023/6/13 20:00,39.65,0.715,35.1,119,35.1,6.95,19.5,753.5,0.9,0,16,19.4
2023/6/13 23:00,42.45,0.905,56.45,48.25,40.1,6.9,16.4,754,0.5,1,14.8,23.5
2023/6/14 2:00,46,0.885,66.05,17.1,45.1,7.45,14.8,754.3,0.3,0,14,25
2023/6/14 5:00,43.55,1,58.2,7.65,44.2,10.4,14,754.6,0.3,1,13.5,25.8
2023/6/14 8:00,68,1.705,54.05,37.7,73.85,34.45,20.9,755.3,0.7,1,15.9,45.25
2023/6/14 11:00,55.63636364,0.904545455,26.36363636,149.5454545,57.81818182,16.40909091,26,754.9,-0.4,2,15.4,34.40909091
2023/6/14 14:00,95.27272727,0.631818182,12.90909091,198.3181818,36.5,8.772727273,28.7,754,-0.9,2,13,21.95454545
2023/6/14 17:00,92.95454545,0.604545455,13.18181818,195.2727273,28.54545455,7.5,28.8,753.2,-0.8,2,11.4,15.86363636
2023/6/14 20:00,69.36363636,0.863636364,32.04545455,171.6818182,47.13636364,7.727272727,21.9,754,0.8,1,14.5,28.31818182
2023/6/14 23:00,47.72727273,0.736363636,51.40909091,91.09090909,50,8.454545455,19.3,754.8,0.8,1,15.2,28.81818182
2023/6/15 2:00,41.18181818,0.65,28.04545455,93.36363636,39.04545455,7.636363636,19.1,755.2,0.787719298,1,15.2,26.86363636
2023/6/15 5:00,56.04545455,1.304545455,50.68181818,38.40909091,60.04545455,31.31818182,15.9,755.8,0.775438596,1,14.9,36.31818182
2023/6/15 8:00,62.45454545,1.813636364,51.90909091,72.63636364,68.77272727,29.18181818,24,755.7,0.763157895,2,15,39.40909091
2023/6/15 11:00,57.22727273,0.963636364,21.13636364,163.6363636,32.86363636,15.13636364,27,755.05,0.750877193,2.5,14.55,13.72727273
2023/6/15 14:00,107.8636364,0.9,16.27272727,216.6818182,36.5,12.68181818,30,754.4,0.738596491,3,14.1,15.5
2023/6/15 17:00,106.2727273,0.713636364,18.27272727,214.2272727,32.63636364,10.86363636,30.2,753.8,0.726315789,3,15.1,12.27272727
2023/6/15 20:00,67.81818182,0.618181818,23.63636364,172.0909091,32.27272727,8.590909091,27.1,754.3,0.714035088,3,14.2,13.27272727
2023/6/15 23:00,42.04545455,0.713636364,28.90909091,127.9545455,34.13636364,10.68181818,23.8,755.2,0.701754386,2,15.6,17.5
2023/6/16 2:00,40.40909091,0.745454545,36.31818182,85.59090909,39.63636364,27.54545455,18.1,755.4,0.689473684,1,15.7,18.45454545
2023/6/16 5:00,37.68181818,0.836363636,33.95454545,87.90909091,34.86363636,28.81818182,17.9,755.6,0.677192982,0,13.8,14.13636364
2023/6/16 8:00,39.77272727,0.763636364,33.86363636,102.2727273,38.31818182,25.18181818,26.8,756.2,0.664912281,3,12.1,12.27272727
2023/6/16 11:00,68.86363636,0.636363636,16.86363636,173,44.5,11.5,30.5,756.1,0.652631579,6,15,13.54545455
2023/6/16 14:00,109.0909091,0.727272727,15.86363636,218.5909091,50.36363636,11.22727273,32.5,755.5,0.640350877,4,17.2,17.54545455
2023/6/16 17:00,90.5,0.636363636,16.68181818,197.5454545,45.86363636,9.045454545,31.9,755.5,0.628070175,3,18.5,22.04545455
2023/6/16 20:00,41.68181818,0.631818182,22.31818182,119.7272727,39.54545455,11.68181818,27.1,756.7,0.615789474,2,17,20.18181818
2023/6/16 23:00,43.68181818,0.913636364,28.04545455,100.5,43.18181818,16.09090909,22.2,757.2,0.603508772,0,16.5,20.68181818
2023/6/17 2:00,45.63636364,0.790909091,26.81818182,101.4090909,44.90909091,15.27272727,19.9,757.4,0.59122807,0,15.1,20.90909091
2023/6/17 5:00,46.68181818,0.818181818,32.09090909,89.18181818,46.81818182,18.09090909,18.7,757.8,0.578947368,1,15.4,22.18181818
2023/6/17 8:00,54,0.945454545,28.90909091,115.3181818,59.13636364,21.95454545,26.5,758.1,0.566666667,4,16.4,27.72727273
2023/6/17 11:00,84.09090909,0.854545455,16.27272727,186.2727273,63.54545455,10.90909091,30.4,757.9,0.554385965,4,18.8,33.95454545
2023/6/17 14:00,111.1818182,0.8,14.13636364,221.9545455,61.31818182,8.636363636,33.1,756.8,0.542105263,5,18.8,33.36363636
2023/6/17 17:00,105.5909091,0.654545455,15.72727273,212.0454545,52.40909091,7.090909091,33,755.8,0.529824561,4,17.2,25.95454545
2023/6/17 20:00,64.54545455,0.672727273,22.31818182,171.2727273,60.31818182,6.545454545,28.6,756.7,0.51754386,4,18.1,30.95454545
2023/6/17 23:00,45.18181818,0.509090909,17.86363636,141.7727273,39,5.909090909,25.3,757.7,0.505263158,3,16.7,23.09090909
2023/6/18 2:00,35.35,0.49,17.05,102.6,31.65,7.05,22.5,757.5,0.492982456,1,16.1,18.1
2023/6/18 5:00,41.9,0.705,28.9,65.1,41.9,9.6,18.3,757.7,0.480701754,1,16.6,23.3
2023/6/18 8:00,55.68181818,1.422727273,36.59090909,78.22727273,61.5,49.40909091,26,757.1,0.468421053,2,16.8,31.63636364
2023/6/18 11:00,43.09090909,1.140909091,28.18181818,131.5454545,38.09090909,25.86363636,29.9,756,0.456140351,2.5,15.05,15.45454545
2023/6/18 14:00,93.68181818,1.072727273,19.45454545,197.6818182,38.45454545,16.54545455,33.8,754.9,0.443859649,3,13.3,15.18181818
2023/6/18 17:00,101.7727273,0.754545455,18.45454545,204.5909091,37.18181818,11.31818182,34.2,754,0.431578947,2,12.5,16.68181818
2023/6/18 20:00,54.81818182,0.595454545,40.40909091,150.8636364,48.77272727,8.045454545,26.3,754.5,0.419298246,0,17.1,20.45454545
2023/6/18 23:00,46.95454545,0.540909091,47.13636364,81.18181818,47.09090909,7.227272727,22.7,754.6,0.407017544,0,18.3,22.86363636
2023/6/19 2:00,49.40909091,0.613636364,59.31818182,48.04545455,52.45454545,9.590909091,20.7,754,0.394736842,1,18.5,26.31818182
2023/6/19 5:00,56.90909091,0.759090909,49,49.90909091,62.31818182,9.181818182,20,754.3,0.38245614,1,18.7,34.77272727
2023/6/19 8:00,69.54545455,1.468181818,55.90909091,74.36363636,84.27272727,31,26.3,754.3,0.370175439,2,19.4,45.45454545
2023/6/19 11:00,50.72727273,1.195454545,24.63636364,146.5,53.27272727,24,31.2,753.6,0.357894737,4,18.9,25.59090909
2023/6/19 14:00,60.09090909,0.75,12.77272727,167.6363636,47.40909091,9.5,32.5,752.1,0.345614035,3,19.4,23.18181818
2023/6/19 17:00,80.86363636,0.986363636,19.04545455,183.3181818,73.95454545,7.545454545,30.3,751.6,0.333333333,4,20.3,41.18181818
2023/6/19 20:00,57.36363636,0.654545455,23.63636364,156,54.86363636,7.227272727,26.9,752.2,0.321052632,3,17.7,31
2023/6/19 23:00,51.22727273,0.540909091,20.86363636,126.3181818,54.72727273,7.272727273,25.4,752.9,0.30877193,3,16.5,30.45454545
2023/6/20 2:00,39.40909091,0.440909091,16.13636364,106.4545455,38.63636364,6.545454545,23.6,752.8,0.296491228,2,16.9,21.81818182
2023/6/20 5:00,30.5,0.368181818,12.45454545,81.09090909,24.63636364,4.772727273,20.1,753.4,0.284210526,3,17.9,11.45454545
2023/6/20 8:00,22.77272727,0.5,25.77272727,66.59090909,19.13636364,4.772727273,20.4,752.8,0.271929825,1,17.6,12.31818182
2023/6/20 11:00,35.2,0.427272727,13.18181818,109.95,17.04545455,6.681818182,20.85,752.7,0.259649123,2,17.05,8.090909091
2023/6/20 14:00,33.90909091,0.585,16.13636364,106.2727273,15.27272727,5,21.3,752.6,0.247368421,3,16.5,5.5
2023/6/20 17:00,29.95454545,0.672727273,20.90909091,93.36363636,19.86363636,7.363636364,21.4,752.2,0.235087719,3,16.6,7.636363636
2023/6/20 20:00,28.59090909,0.65,26.86363636,76.22727273,24.09090909,7.409090909,21.6,751.8,0.222807018,2,16.8,9.818181818
2023/6/20 23:00,27.54545455,0.631818182,26.54545455,64.45454545,26.36363636,9.318181818,20.4,752.4,0.210526316,2,16.6,12.86363636
2023/6/21 2:00,26.72727273,0.568181818,22.27272727,60.95454545,23.31818182,18.81818182,19.9,752.4,0.198245614,1,16.7,13.68181818
2023/6/21 5:00,36.36363636,0.768181818,20.81818182,54.22727273,35.59090909,10.36363636,20,752.2,0.185964912,2,17.2,22.18181818
2023/6/21 8:00,30.68181818,0.568181818,23.36363636,54.81818182,28.09090909,4.954545455,20.4,752.4,0.173684211,2,18.7,19.45454545
2023/6/21 11:00,31.95454545,0.454545455,16.18181818,84.18181818,23.09090909,4.772727273,22.4,752.2,0.161403509,3,17.3,13.40909091
2023/6/21 14:00,31.45454545,0.495,11.59090909,98.81818182,15.95454545,4.318181818,22.1,752.2,0.149122807,3,18.5,8.863636364
2023/6/21 17:00,36.09090909,0.47,12.36363636,113.5,11.72727273,4.454545455,25.2,751.7,0.136842105,2,16.9,6.272727273
2023/6/21 20:00,27.86363636,0.535,23.18181818,89.36363636,15.68181818,4.863636364,21.9,752.8,0.124561404,0,17.9,8.136363636
2023/6/21 23:00,34.81818182,0.763636364,53.63636364,31.18181818,32.77272727,8.318181818,19.8,753.1,0.112280702,0,18.5,17.18181818
2023/6/22 2:00,39.04545455,0.672727273,51.22727273,15.04545455,39.54545455,7.363636364,18.3,753.2,0.1,0,17.7,20.40909091
2023/6/22 5:00,41.72727273,0.659090909,41.04545455,10.77272727,41.59090909,6,18.4,754.3,1.1,1,17.9,20.68181818
2023/6/22 8:00,68.59090909,0.927272727,40.27272727,27.13636364,86.95454545,6.318181818,20.5,754.7,0.4,1,19,44.31818182
2023/6/22 11:00,45.77272727,0.640909091,17.68181818,132.5454545,41,5.772727273,27.3,754.3,-0.3,3,18,23.54545455
2023/6/22 14:00,61.09090909,0.57,10.86363636,164.4090909,20,5.181818182,30.2,753.7,-0.7,2,18,11.72727273
2023/6/22 17:00,59.13636364,0.509090909,11.22727273,163.5,19.31818182,4.727272727,30.4,753.3,-0.3,3,17.5,8.5
2023/6/22 20:00,47.63636364,0.55,19.27272727,148.7727273,25.68181818,4.818181818,25.7,754,0.6,1,19.6,14.68181818
2023/6/22 23:00,37.27272727,0.725,41.77272727,81.31818182,34.31818182,4.954545455,22,754.9,1,1,19.7,20.27272727
2023/6/23 2:00,41,0.79,58.13636364,26.22727273,40.95454545,4.954545455,20.2,755.1,0.2,1,19.4,22.90909091
2023/6/23 5:00,26.72727273,1.09,34.63636364,27.22727273,26.09090909,6.272727273,19.7,755.3,0.2,2,17.8,15.81818182
2023/6/23 8:00,27.13636364,1.12,28,69.95454545,25.04545455,8.909090909,26.3,756.1,0.8,1,19.7,13.13636364
2023/6/23 11:00,34.77272727,0.622727273,23.81818182,111.6363636,19.95454545,6.454545455,28.9,756.5,0.4,1,18.7,8.363636364
2023/6/23 14:00,75.5,0.781818182,14.13636364,178.1363636,23.86363636,9.954545455,31.9,754.9,-1.6,2,18.5,10.13636364
2023/6/23 17:00,61.68181818,0.622727273,14.45454545,168.7727273,28.27272727,14.90909091,31.9,754.4,-0.5,2,19.5,11.54545455
2023/6/23 20:00,38.18181818,0.636363636,31.09090909,115.4545455,30.18181818,7.272727273,26.2,755.4,1,0,20.8,12.77272727
2023/6/23 23:00,36.63636364,0.595454545,29.04545455,94.40909091,33.09090909,14.5,26.5,756.3,0.9,1,18.4,15.90909091
2023/6/24 2:00,36.13636364,0.822727273,29.95454545,92.09090909,33.27272727,13.95454545,20.9,756.4,0,1,18.7,17.40909091
2023/6/24 5:00,37.81818182,0.868181818,29.40909091,94.22727273,36.40909091,21.09090909,19.8,756.7,0.4,0,17.8,18.31818182
2023/6/24 8:00,36.31818182,0.731818182,24,108.5454545,30.13636364,16.54545455,28.4,757,0.3,3,15.3,12.27272727
2023/6/24 11:00,64.77272727,0.613636364,14.45454545,167.7727273,41.09090909,13.81818182,32,756.7,-0.4,5,16.3,13.13636364
2023/6/24 14:00,82.54545455,0.618181818,12.13636364,187.3636364,42.04545455,8.136363636,33.7,756.5,-0.1,5,18.2,17.13636364
2023/6/24 17:00,57.59090909,0.554545455,11.5,162.1818182,37.13636364,7.727272727,33.1,756.1,-0.5,3,18.5,15.86363636
2023/6/24 20:00,38.22727273,0.681818182,17.36363636,112.6363636,36.63636364,16.5,28.1,757.3,1.3,3,18.5,16.63636364
2023/6/24 23:00,39.68181818,0.704545455,21.72727273,92.72727273,38.04545455,25.04545455,25.3,758.2,0.8,2,17.2,16.45454545
2023/6/25 2:00,38.25,0.71,22.2,83.3,36.65,23.7,20.5,758.5,0.4,1,17.1,16.7
2023/6/25 5:00,39.4,0.675,26.1,72.45,35,33.7,21.6,759.2,0.7,1,16.1,16.5
2023/6/25 8:00,29.55,0.745,21.6,85.2,29.05,17.7,26.8,759.2,0,3,16.7,13.4
2023/6/25 11:00,41.04545455,0.686363636,13.68181818,127.2727273,27,10.13636364,30.5,758.4,-0.8,4,17.2,10.36363636
2023/6/25 14:00,51.31818182,0.613636364,10.72727273,153.9545455,31,8.136363636,32.3,757.1,-1.3,5,17.4,11.22727273
2023/6/25 17:00,48.72727273,0.513636364,12.5,150.6818182,27.72727273,5.863636364,31.9,756.4,-0.7,3,17.8,10.81818182
2023/6/25 20:00,33.45454545,0.481818182,18.86363636,105.1363636,29.18181818,4.772727273,28.3,756.9,0.5,2,17.5,11.63636364
2023/6/25 23:00,33.22727273,0.477272727,19.22727273,95.68181818,31.13636364,4.454545455,25.3,756.7,-0.3,2,18.5,14.77272727
2023/6/26 2:00,33.45454545,0.527272727,16.63636364,87.13636364,29.81818182,4.863636364,22.5,755.5,-1.1,1,19.5,16.31818182
2023/6/26 5:00,37.59090909,0.604545455,31.40909091,51.31818182,36.63636364,8.181818182,20.7,754.9,-0.7,1,19.2,19.59090909
2023/6/26 8:00,41.68181818,0.927272727,34.5,58.5,42.63636364,13.45454545,25.2,754.4,-0.4,1,19.8,22.90909091
2023/6/26 11:00,46.90909091,1.009090909,20.86363636,138.8181818,42.81818182,9.772727273,29.3,753,-1.4,1,19.9,20.72727273
2023/6/26 14:00,56.59090909,0.722727273,12.09090909,160.1818182,29.13636364,5.681818182,31.5,751,-2.1,2,18.8,15.72727273
2023/6/26 17:00,60.77272727,0.868181818,24.09090909,154,51.90909091,4.727272727,25.5,749.8,-1.2,4,20.5,24.54545455
2023/6/26 20:00,22.95454545,0.586363636,23.90909091,59.09090909,17.31818182,3.5,21.3,750.1,0.4,1,20.3,12.18181818
2023/6/26 23:00,20.81818182,0.509090909,20.04545455,57.86363636,15.54545455,3.590909091,21,749.5,-0.6,1,20.3,11.81818182
2023/6/27 2:00,21.54545455,0.463636364,13.68181818,65,16.04545455,3.954545455,20.7,748.9,-0.7,1,20,11.40909091
2023/6/27 5:00,45.18181818,0.818181818,13.18181818,68.59090909,43.72727273,4.772727273,20.8,750.2,1.4,3,19.3,28.36363636
2023/6/27 8:00,57.77272727,1.513636364,28.81818182,62.13636364,61.72727273,9.590909091,22.9,750.9,0.7,3,19.1,33.72727273
2023/6/27 11:00,46.31818182,1.004545455,14.5,115.4090909,48.31818182,5.636363636,27.4,750.9,0,3,21,28.45454545
2023/6/27 14:00,76.90909091,0.959090909,12.18181818,180.8181818,39.95454545,5.136363636,30.3,750.6,-0.3,5,20.8,25.86363636
2023/6/27 17:00,86.86363636,0.786363636,12.13636364,189.5,30.63636364,5.090909091,30.1,750.9,0.3,3,18.9,16.45454545
2023/6/27 20:00,94.22727273,0.822727273,16.81818182,196.7727273,42.40909091,5.045454545,27.3,752.5,1.6,3,17.8,20.90909091
2023/6/27 23:00,40.72727273,0.827272727,24.90909091,111.3636364,39.04545455,16.54545455,21.9,753.3,0.8,1,19.6,19.95454545
2023/6/28 2:00,44.68181818,0.963636364,23.59090909,108.9545455,44.81818182,26.68181818,20.5,752.8,-0.5,1,18.3,26.81818182
2023/6/28 5:00,47.86363636,0.972727273,23.5,107.5454545,49.13636364,20.31818182,20.6,753.5,0.7,1,17.8,29.40909091
2023/6/28 8:00,40.22727273,0.804545455,20.63636364,123.9545455,35.95454545,15.72727273,26.6,753.4,-0.2,3,18.5,21.54545455
2023/6/28 11:00,52.55555556,0.66,13.72222222,158.3,28.25,11.2,29.5,752.7,-0.6,4,20.4,13.9
2023/6/28 14:00,67.77272727,0.659090909,13.27272727,173.8636364,33,6.318181818,30.2,751.6,-1.2,4,20.5,17.59090909
2023/6/28 17:00,41.04545455,0.681818182,16.90909091,128.8181818,32.13636364,8.545454545,27.8,751.6,0.1,2,20.6,19.22727273
2023/6/28 20:00,36.63636364,0.804545455,24.5,97.13636364,35.36363636,12.04545455,25.9,751.8,0.2,2,19.8,17.95454545
2023/6/28 23:00,39.68181818,0.659090909,19.31818182,95.45454545,38.45454545,12.90909091,25.3,752.2,0.3,2,19.9,24.54545455
2023/6/29 2:00,52.13636364,0.877272727,19.90909091,74.59090909,47.86363636,12,23.2,751.9,-0.3,2,21.1,31.81818182
2023/6/29 5:00,49,0.795454545,22.18181818,41.40909091,42.18181818,5.136363636,22.3,751.5,-0.3,1,21.5,30.40909091
2023/6/29 8:00,46.31818182,1.040909091,34.54545455,31,40.77272727,5.681818182,23,751.3,-0.3,0,22.2,31.18181818
2023/6/29 11:00,31.22727273,0.927272727,26.63636364,69.13636364,27.22727273,5.590909091,26,750.7,-0.6,1,21,20.54545455
2023/6/29 14:00,45.86363636,0.690909091,12.04545455,142.1363636,24.27272727,6.818181818,29.8,749.1,-1.5,2,20.9,18.09090909
2023/6/29 17:00,48.68181818,0.627272727,11.81818182,152.7727273,27.36363636,5.045454545,30.4,748.6,-0.5,2,19.7,18.22727273
2023/6/29 20:00,37.13636364,0.677272727,25.90909091,108.7272727,30.90909091,4.045454545,24.7,749.5,0.8,1,21.6,19.45454545
2023/6/29 23:00,55,0.855,59.6,38.15,55.1,4,21.7,750.1,0.6,0,20.9,35.05
2023/6/30 2:00,59.13636364,0.827272727,62.63636364,13.81818182,60.90909091,4.590909091,20.5,749.7,-0.3,1,20,36.45454545
2023/6/30 5:00,60.90909091,0.872727273,45.68181818,13,65.5,9.5,19.6,749.9,0.2,1,19.1,37.86363636
2023/6/30 8:00,66.22727273,1.686363636,41.77272727,51.18181818,76.63636364,13.81818182,25.2,750.4,0.4,2,21.3,44.40909091
2023/6/30 11:00,47.22727273,0.954545455,15.22727273,150.2727273,36.13636364,15.13636364,30,749.6,-0.7,2,19.7,21.45454545
2023/6/30 14:00,74.45454545,0.704545455,12.68181818,179.2727273,24.18181818,7.545454545,32,748.9,-0.7,4,18.2,11.86363636
2023/6/30 17:00,46.95454545,0.495454545,11.40909091,148.2727273,19.63636364,5,30.5,748.9,-0.1,6,16.9,8.227272727
2023/6/30 20:00,38.22727273,0.554545455,17.13636364,120.5909091,18.95454545,4.590909091,28.1,749.2,0.5,4,15.7,8.863636364
2023/6/30 23:00,32.5,0.85,26.95454545,88.22727273,27,8.318181818,25.2,750.2,1,2,18.4,11.86363636
2023/7/1 2:00,49.81818182,1.195454545,43.95454545,69.95454545,52.81818182,32.77272727,19.4,749.9,-0.4,0,17.5,18.77272727
2023/7/1 5:00,48.40909091,1.136363636,31,95.68181818,49.86363636,28.22727273,19.4,750.8,0.9,1,17.7,20.18181818
2023/7/1 8:00,41.72727273,0.763636364,18.18181818,112,40.45454545,9.727272727,27.4,751.9,1.2,4,19.2,18.86363636
2023/7/1 11:00,50.09090909,0.704545455,17.54545455,153.2727273,48.45454545,6.681818182,29.9,752.8,0.7,3,19.9,26.31818182
2023/7/1 14:00,61.5,0.536363636,12.13636364,161.5454545,26.72727273,5.318181818,32.6,752.5,-0.2,2,20.2,13.90909091
2023/7/1 17:00,49.09090909,0.440909091,13.77272727,146.8636364,19.95454545,4.863636364,32,752.4,-0.1,2,16.3,8.909090909
2023/7/1 20:00,34.68181818,0.490909091,27.5,108.4545455,25.86363636,4.681818182,26.1,753.6,1.2,0,16.4,11.04545455
2023/7/1 23:00,36.81818182,0.563636364,51.27272727,56.90909091,34.81818182,6.454545455,22.7,754.3,0.6,1,18.7,13.31818182
2023/7/2 2:00,40.72727273,0.759090909,52.86363636,40.86363636,43.09090909,8.954545455,22.5,754.3,0.1,2,18.3,15.31818182
2023/7/2 5:00,45,0.975,40.6,43,46.1,8.65,21.9,754.5,0.2,1,18.1,22.2
2023/7/2 8:00,62.90909091,1.518181818,42.90909091,58.54545455,73.13636364,10.40909091,26,755.1,0.6,1,21,36.63636364
2023/7/2 11:00,55.68181818,1.168181818,21.95454545,143.7727273,59.31818182,12.77272727,30.1,754.9,-0.2,2,20.9,30.40909091
2023/7/2 14:00,93.77272727,0.881818182,12.86363636,199.3636364,43.77272727,6.181818182,32.4,754,-1,3,22.5,24.95454545
2023/7/2 17:00,92.63636364,0.809090909,14.22727273,198.3181818,45.90909091,4.545454545,32.2,753.7,-0.3,2,22.9,24.04545455
2023/7/2 20:00,48.95454545,1.027272727,22.90909091,117.0909091,50.18181818,4.590909091,28.4,754,0.4,2,22.2,25.04545455
2023/7/2 23:00,42.86363636,0.918181818,24.04545455,67.36363636,42.90909091,13.36363636,25.4,754.7,0.7,1,20.2,23.18181818
2023/7/3 2:00,39.63636364,0.690909091,23,60.68181818,38.77272727,13.59090909,23.1,754.4,-0.3,2,19.5,21
2023/7/3 5:00,30.18181818,0.777272727,22.63636364,47.13636364,30.18181818,10,20.8,754.9,0.5,1,18.7,16.04545455
2023/7/3 8:00,24.77272727,0.754545455,19.54545455,63.95454545,23.5,18.40909091,26,754.4,-0.5,4,18.9,10.95454545
2023/7/3 11:00,38.59090909,0.686363636,10.54545455,121.6818182,19.72727273,8.318181818,29.4,753.6,-0.8,4,20.6,9.590909091
2023/7/3 14:00,50.81818182,0.754545455,10.04545455,156,30.45454545,5.681818182,31.3,752.5,-1.2,4,21.2,14.54545455
2023/7/3 17:00,46.40909091,0.6,12.45454545,145.7727273,26.04545455,4.681818182,31,751.6,-0.8,3,21.2,14.04545455
2023/7/3 20:00,37.18181818,0.6,19.40909091,112.5,34,4.136363636,28,752.4,0.8,2,21.8,15.86363636
2023/7/3 23:00,34.90909091,0.545454545,24.04545455,68.68181818,34.5,5.863636364,25.9,752.2,-0.1,2,21.3,16.36363636
2023/7/4 2:00,31.27272727,0.509090909,22.86363636,58.36363636,30.54545455,4.227272727,23.4,751.1,-1.1,1,21.5,16.45454545
2023/7/4 5:00,38.90909091,0.577272727,37.40909091,26.36363636,38.54545455,4.272727273,23,751,-0.3,1,21.6,19.86363636
2023/7/4 8:00,44.22727273,1.086363636,30.86363636,50.13636364,47.04545455,6.909090909,26.6,749.9,-0.9,2,21.6,24.81818182
2023/7/4 11:00,38.54545455,0.740909091,12.59090909,98.90909091,33.81818182,8.136363636,28.5,748.8,-1.2,3,20.2,13.40909091
2023/7/4 14:00,36.59090909,0.645454545,11.86363636,111.3636364,31.13636364,5.045454545,26.6,747.1,-1.7,1,23.5,15.63636364
2023/7/4 17:00,31.95,0.805,28.75,75,29.7,3.6,23.3,744.5,-2.6,2,22.3,19.7
2023/7/4 20:00,25.90909091,0.686363636,15.77272727,81.27272727,11.27272727,2.954545455,23,742,-2.5,3,22.2,9.863636364
2023/7/4 23:00,24.77272727,0.540909091,9.818181818,79.13636364,7.363636364,2.909090909,21.3,739.9,-2,3,20.5,5.454545455
2023/7/5 2:00,33.45454545,0.468181818,5.5,106.1363636,3.636363636,3.136363636,20.7,740.4,0.4,3,19.5,3.045454545
2023/7/5 5:00,30.90909091,0.445454545,8.454545455,97.04545455,6.818181818,3.045454545,19.6,742.1,1.7,3,18.1,4.772727273
2023/7/5 8:00,22.77272727,0.572727273,17.31818182,70.81818182,16.27272727,4.863636364,21.2,742.4,0.3,3,18.6,9.772727273
2023/7/5 11:00,34.95454545,0.990909091,13.40909091,96.31818182,29.13636364,5.636363636,25.9,742.3,-0.2,4,19.3,17.22727273
2023/7/5 14:00,44.86363636,0.690909091,10.31818182,139.4090909,32,5.454545455,29,741.7,-0.5,4,19,13.04545455
2023/7/5 17:00,64.05,0.58,13.05,130.3,77.6,5.45,30.4,741.6,-0.1,3,18.2,16.2
2023/7/5 20:00,64.35,1.01,31.55,133.2,78.2,8.6,24.6,742.4,0.8,1,20.1,21.9
2023/7/5 23:00,63.22727273,1.1,28.45454545,95.81818182,75.90909091,9.863636364,22.1,742.7,0.4,1,20,28.09090909
2023/7/6 2:00,58.77272727,0.945454545,18.27272727,103.8636364,67,4.818181818,21.6,742.5,-0.3,1,20.8,31.68181818
2023/7/6 5:00,62.90909091,0.977272727,16.77272727,130.5454545,75.22727273,5.318181818,20.6,743,0.6,1,19.3,36.22727273
2023/7/6 8:00,58.7,0.986363636,20.90909091,147.4545455,64.90909091,9.85,27.2,744,0.9,2,19.8,30.36363636
2023/7/6 11:00,62.85,0.813636364,15.72727273,167.8,68.77272727,11.18181818,30.8,744.3,0.3,4,18.9,24
2023/7/6 14:00,74.95454545,0.704545455,13.27272727,179.6363636,65.77272727,9.909090909,33.5,744,-0.3,4,18.1,21.27272727
2023/7/6 17:00,57.81818182,0.6,15.13636364,149.0454545,63.81818182,7.227272727,33.1,744.1,0.1,2,22.8,20.59090909
2023/7/6 20:00,57.86363636,0.831818182,20.95454545,122.5,65.18181818,8.227272727,29,745.9,1.8,2,21,24.95454545
2023/7/6 23:00,61,0.827272727,15.5,158.4545455,70.63636364,8.318181818,26.6,746.9,1.1,2,20,26.72727273
2023/7/7 2:00,66.40909091,0.827272727,13.27272727,159.3636364,76.86363636,7.772727273,25.6,746.8,-0.2,3,19.3,28.81818182
2023/7/7 5:00,48.04545455,0.536363636,7.272727273,148.8636364,26,4.545454545,20.8,747.5,0.8,1,18.6,13.81818182
2023/7/7 8:00,37.09090909,0.777272727,20.59090909,115.4090909,26.59090909,4.954545455,25.7,748.1,0.6,3,20.3,14.68181818
2023/7/7 11:00,48.86363636,0.740909091,8.5,149.6818182,29.27272727,5.045454545,30.2,748.5,0.3,5,21.8,15.22727273
2023/7/7 14:00,45.36363636,0.754545455,8.863636364,139.2272727,28.31818182,5.090909091,29.9,748.6,0.2,3,22.1,15.45454545
2023/7/7 17:00,40,0.745454545,11.63636364,126.1818182,25.77272727,5,28.4,748.7,0,3,20.7,13.5
2023/7/7 20:00,40.09090909,0.672727273,14.36363636,106.4090909,36.86363636,4.863636364,25.3,749.8,1,1,21.4,21.13636364
2023/7/7 23:00,33.95454545,0.459090909,11.86363636,107.2272727,13,4.409090909,21.6,751,1.2,2,18.4,7.136363636
2023/7/8 2:00,25.68181818,0.686363636,14.36363636,80.36363636,18.45454545,4.272727273,20.5,749.5,-1.5,1,19.7,9.5
2023/7/8 5:00,36.5,0.895454545,22.45454545,42.22727273,36.5,5.681818182,20.7,750.1,0.7,1,20,17.18181818
2023/7/8 8:00,43.13636364,0.922727273,35.27272727,40.04545455,42.31818182,5.227272727,23.9,750.2,0.1,1,22.2,21.68181818
2023/7/8 11:00,36.36363636,0.672727273,14.68181818,110.7727273,32.45454545,5.681818182,24.5,750.5,0.3,2,20.6,14.86363636
2023/7/8 14:00,40,0.627272727,10.77272727,126.6363636,26,6.954545455,27.6,749.2,-1.3,2,20.9,14.86363636
2023/7/8 17:00,37.18181818,0.672727273,13.09090909,117.8181818,24.54545455,5.590909091,29,749,-0.2,2,20.5,12.81818182
2023/7/8 20:00,34.86363636,0.713636364,26,76.54545455,34.86363636,6.681818182,26.1,749.5,0.4,1,20.7,16.95454545
2023/7/8 23:00,36.27272727,0.622727273,19.13636364,78.40909091,35.36363636,15,23.9,749.5,0.1,1,20.2,18.40909091
2023/7/9 2:00,31.54545455,0.645454545,16.90909091,73.86363636,30.68181818,20.45454545,23.3,749.3,-0.2,3,19.2,15.68181818
2023/7/9 5:00,28.54545455,0.577272727,14.31818182,87.13636364,19.18181818,13.54545455,22.1,749.5,0.1,1,19.5,10.31818182
2023/7/9 8:00,28.77272727,0.718181818,18.27272727,88.36363636,22.04545455,17.04545455,25.7,749.5,0,3,20,12.09090909
2023/7/9 11:00,36.77272727,0.718181818,12.86363636,116.5,22.45454545,9.409090909,27.7,749.3,-0.1,3,20.5,13.18181818
2023/7/9 14:00,39,0.645454545,10.95454545,123.5,27.77272727,4.772727273,25.5,748.3,-1,2,19.9,15.18181818
2023/7/9 17:00,32.95454545,0.55,13.90909091,103.9545455,17.81818182,5.5,24.4,748.5,0.2,2,20.7,10.04545455
2023/7/9 20:00,28.63636364,0.577272727,16.90909091,87.72727273,15.04545455,4.181818182,21.6,749.2,0.6,1,20.4,9.363636364
2023/7/9 23:00,26.45454545,0.627272727,25.54545455,55.22727273,25.90909091,4.318181818,21.6,749.3,0.2,1,21.1,14.86363636
2023/7/10 2:00,38.63636364,0.536363636,18.95454545,52.59090909,38.5,4.636363636,22.6,749.4,0.1,2,21.9,19.72727273
2023/7/10 5:00,37.81818182,0.586363636,20.77272727,36.5,37.27272727,4.909090909,21.9,749.9,0.5,1,21.1,20.36363636
2023/7/10 8:00,32.22727273,0.631818182,20.68181818,61.81818182,32.22727273,5.772727273,24.8,750.5,0.6,3,21.3,19
2023/7/10 11:00,34.54545455,0.563636364,11.04545455,109.1363636,18.40909091,4.136363636,28.4,750.5,0,4,21.7,13.27272727
2023/7/10 14:00,39.54545455,0.5,9.136363636,125.0454545,15.36363636,3.818181818,29.9,749.6,-0.9,3,21.6,9.545454545
2023/7/10 17:00,37.90909091,0.509090909,13.63636364,120,18,3.863636364,28.7,749.3,-0.3,2,21.5,11
2023/7/10 20:00,32.63636364,0.45,10.95454545,103.0909091,12.27272727,3.727272727,23.8,751.3,1.9,2,19.3,7.272727273
2023/7/10 23:00,21.5,0.490909091,21.09090909,65.13636364,16.13636364,3.545454545,21.6,751.1,-0.1,2,20.6,9.727272727
2023/7/11 2:00,23,0.5,22.18181818,47.09090909,22.31818182,5.636363636,19.8,751.3,0.1,0,19.1,11.86363636
2023/7/11 5:00,33.54545455,0.659090909,28.18181818,27.68181818,33.27272727,7.409090909,20,752.2,1,1,19.5,16.5
2023/7/11 8:00,26.86363636,0.681818182,24.5,47.31818182,26.5,5.909090909,24.3,753.1,0.8,2,21,13.45454545
2023/7/11 11:00,28.22727273,0.490909091,10.54545455,88.09090909,10.86363636,4.681818182,27.2,752.8,-0.2,2,20.3,6.590909091
2023/7/11 14:00,33.22727273,0.454545455,7.181818182,104.9090909,12.13636364,4.318181818,29.5,751.9,-1,3,19.8,6.227272727
2023/7/11 17:00,31.31818182,0.504545455,11.04545455,99.13636364,19.95454545,4.227272727,28.2,751.7,-0.1,2,20.7,12.45454545
2023/7/11 20:00,47.59090909,0.65,21,74.5,49.54545455,4.227272727,25.1,752.8,1,1,21.2,27.81818182
2023/7/11 23:00,61.36363636,0.731818182,29.40909091,41.31818182,60.90909091,4.227272727,22.3,752.9,0.2,1,21.3,38.63636364
2023/7/12 2:00,63.68181818,0.754545455,44.27272727,14.5,67.36363636,4.545454545,21.4,752.9,0,0,20.9,43.90909091
2023/7/12 5:00,64.90909091,0.740909091,37.40909091,9.363636364,61.31818182,4.772727273,20.6,753.6,0.7,1,20.1,44.68181818
2023/7/12 8:00,55,1.45,34.63636364,41.45454545,57.13636364,10.13636364,24.1,754.1,0.5,2,21.4,35.5
2023/7/12 11:00,41.95454545,0.672727273,18.22727273,119.0454545,36.81818182,5.363636364,28.7,753.7,-0.4,2,19.6,24.45454545
2023/7/12 14:00,63.81818182,0.613636364,14.04545455,168.6818182,31.27272727,4.681818182,30.8,752.6,-1.1,1,20.7,20.04545455
2023/7/12 17:00,50.59090909,0.577272727,16.36363636,150.1818182,34.22727273,4.954545455,27.9,752.2,-0.5,1,23.5,20.04545455
2023/7/12 20:00,40.68181818,0.609090909,33.54545455,96.77272727,38.81818182,5.181818182,24.9,753,0.9,1,21.6,22.22727273
2023/7/12 23:00,55.40909091,0.668181818,32.68181818,66.40909091,61.13636364,4.863636364,25.4,753.3,0.3,1,22.3,35.68181818
2023/7/13 2:00,65.27272727,0.681818182,30.81818182,46.77272727,73.09090909,5.409090909,23.4,752.7,-0.6,1,22.6,45.68181818
2023/7/13 5:00,85.18181818,0.963636364,27.18181818,47.59090909,95.54545455,7.181818182,22.9,752.5,-0.3,1,22.1,61.54545455
2023/7/13 8:00,69.18181818,1.222727273,31,49.40909091,71.77272727,9.636363636,25.1,752,-0.4,1,22.6,49.09090909
2023/7/13 11:00,28,0.913636364,21.5,63.59090909,25.09090909,9.181818182,26.7,751.8,-0.2,1,21.5,16.77272727
2023/7/13 14:00,32.86363636,0.881818182,15.68181818,92.31818182,26.18181818,9.590909091,27.9,750.7,-1.1,2,21.4,15.22727273
2023/7/13 17:00,27.86363636,0.754545455,17.54545455,87.40909091,23.45454545,6.5,26.3,749.7,-1,1,22.8,13
2023/7/13 20:00,27.68181818,0.686363636,24.13636364,47.54545455,27.04545455,4.590909091,23.8,749.6,-0.1,1,23,14.45454545
2023/7/13 23:00,23.04545455,0.681818182,25.59090909,27.40909091,21,4.090909091,23.6,747.9,-1.7,1,22.6,14.59090909
2023/7/14 2:00,22.81818182,0.818181818,17.5,27.54545455,21.27272727,4.318181818,23,745.9,-2,1,22.3,14.09090909
2023/7/14 5:00,16.81818182,0.881818182,15.81818182,29.68181818,14.31818182,4.181818182,22.6,744.4,-1.5,1,22.1,10.31818182
2023/7/14 8:00,14.54545455,0.85,25.86363636,26.77272727,8.363636364,4.5,23.3,743.5,-1,2,22.8,7.045454545
2023/7/14 11:00,15.63636364,0.822727273,18.31818182,48.81818182,11.5,4.590909091,24.3,742.8,-0.6,3,22.9,6.090909091
2023/7/14 14:00,31.13636364,0.636363636,7.681818182,98.36363636,7.363636364,4.454545455,28.7,742.2,-0.6,5,22.7,6
2023/7/14 17:00,34.59090909,0.763636364,9.636363636,109.2272727,14.27272727,5.772727273,29.3,741.6,-0.6,4,21.8,7.727272727
2023/7/14 20:00,47.81818182,1.059090909,14.18181818,125.0909091,47.09090909,5.318181818,26.7,742.3,0.8,3,21.7,21.95454545
2023/7/14 23:00,55.5,0.995454545,15.18181818,123.1363636,61.09090909,6.636363636,24.7,742.2,-0.2,2,21.6,26.13636364
2023/7/15 2:00,54.09090909,1.104545455,15.09090909,115.7727273,59.13636364,6.727272727,23.4,742.9,0.8,1,21.3,27.09090909
2023/7/15 5:00,18.81818182,0.445454545,7.454545455,58.36363636,5.1,4.590909091,22.1,744.6,1.6,2,18.5,4.772727273
2023/7/15 8:00,16.45454545,0.463636364,13.63636364,49.59090909,9.15,5.090909091,21.8,746.1,1.5,3,18.8,4.5
2023/7/15 11:00,17.68181818,0.440909091,10.77272727,57.5,6.681818182,4.772727273,21.3,747.6,1.5,2,19.2,4.181818182
2023/7/15 14:00,22.31818182,0.440909091,11.13636364,69.81818182,7.727272727,4.727272727,22.5,748,0.3,2,19.1,3.727272727
2023/7/15 17:00,23.04545455,0.440909091,11.59090909,73.77272727,9.545454545,5.409090909,24,748.3,0.4,2,16.8,3.954545455
2023/7/15 20:00,17.86363636,0.45,17.36363636,55.72727273,10.5,5.318181818,22.7,749.5,1.2,3,17.6,5.045454545
2023/7/15 23:00,16.77272727,0.431818182,15.81818182,49.31818182,13.04545455,5.227272727,21.2,750.5,0.9,2,18,5.227272727
2023/7/16 2:00,15.77272727,0.431818182,17.27272727,40.36363636,14.31818182,5.454545455,20.2,751,0.5,2,18.1,4.909090909
2023/7/16 5:00,15.27272727,0.409090909,15,41,13.22727273,4.954545455,19.9,751.6,0.6,2,18.2,5.681818182
2023/7/16 8:00,13.36363636,0.463636364,16.95454545,39.22727273,10,4.772727273,20.4,752.8,1.2,3,19.4,4.863636364
2023/7/16 11:00,15.54545455,0.436363636,11.18181818,48.18181818,7.727272727,4.863636364,23,753.5,0.7,2,19.4,3.818181818
2023/7/16 14:00,16.90909091,0.427272727,10.04545455,52.59090909,7.090909091,5.136363636,24.1,753.8,0.3,2,19,3.045454545
2023/7/16 17:00,15.27272727,0.472727273,14,47.22727273,9.090909091,4.909090909,24,754.3,0.5,2,18.9,4.181818182
2023/7/16 20:00,18.27272727,0.509090909,24.22727273,30.04545455,15.5,5.045454545,22.8,755.5,1.2,1,20.3,6.409090909
2023/7/16 23:00,24.77272727,0.581818182,31.45454545,11.13636364,24.77272727,6.727272727,21.1,756.3,0.8,1,20.1,8.454545455
2023/7/17 2:00,23.54545455,0.536363636,32.18181818,9.136363636,23.54545455,7.454545455,19.7,756.4,0.1,1,18.9,9.181818182
2023/7/17 5:00,24.54545455,0.636363636,31.68181818,5.772727273,24.27272727,7.5,19.5,757.1,0.7,1,19,10.27272727
2023/7/17 8:00,26.45454545,0.772727273,24.95454545,34.09090909,26.36363636,12.77272727,24.3,757.9,0.8,1,20,10.86363636
2023/7/17 11:00,25.35,0.535,17.25,79.1,17.3,6.95,27.2,757.9,0,2,19.5,7.35
2023/7/17 14:00,36.31818182,0.459090909,10.27272727,113.5454545,20.13636364,5.818181818,28.1,758,0.1,2,20.7,9.454545455
2023/7/17 17:00,37,0.490909091,12.72727273,116.4090909,25.40909091,5.909090909,26.4,757.6,-0.4,1,22.7,12.81818182
2023/7/17 20:00,33.09090909,0.527272727,31.13636364,67.09090909,32.22727273,5.818181818,22.1,758.2,0.6,0,20.7,16.04545455
2023/7/17 23:00,45.81818182,0.668181818,54.22727273,23,45.40909091,6.136363636,21.1,759.1,0.9,0,20.4,19.81818182
2023/7/18 2:00,50,0.7,44.68181818,20.27272727,50.5,17.09090909,20.2,759.4,0.3,1,19.7,23.63636364
2023/7/18 5:00,51.04545455,1.018181818,40.72727273,10.5,54.04545455,15.77272727,19.1,759.6,0.2,0,18.6,26.09090909
2023/7/18 8:00,57.72727273,1.872727273,43.68181818,35.18181818,65.95454545,25.59090909,25.2,759.1,-0.5,1,21.1,33.81818182
2023/7/18 11:00,50.5,1.436363636,21.90909091,133.0454545,52.5,21.13636364,29.2,758.6,-0.4,3,18.9,27.86363636
2023/7/18 14:00,106.7272727,1.359090909,15.36363636,215.1363636,53.81818182,14.59090909,31.4,757.4,-1.2,2,21.9,29.45454545
2023/7/18 17:00,108,1.254545455,15.22727273,219.1818182,56.54545455,10.68181818,31.3,756.1,-1.4,2,21.2,32.31818182
2023/7/18 20:00,50.95454545,0.972727273,23.5,138.4545455,53.27272727,7.954545455,27.8,756.5,0.5,2,19.9,30.09090909
2023/7/18 23:00,40.77272727,0.595454545,32,76.95454545,40.22727273,6.636363636,21.4,756.7,0.1,1,19,23.04545455
2023/7/19 2:00,51,1.222727273,37.95454545,45.59090909,53.90909091,31.31818182,20,756.2,-0.4,0,19.2,29.95454545
2023/7/19 5:00,54.18181818,1.327272727,39.13636364,34.13636364,59.36363636,14.63636364,19.8,755.7,-0.5,1,19.3,34.5
2023/7/19 8:00,53,1.586363636,34,73.68181818,57.36363636,22.31818182,27.1,756,0.3,2,18.1,32.04545455
2023/7/19 11:00,53.77272727,1.218181818,21.31818182,136.0909091,56.59090909,17.13636364,29.9,755.6,-0.4,2,19.6,31.04545455
2023/7/19 14:00,111.0909091,1.309090909,14.63636364,224.0454545,65.72727273,13.63636364,31.9,754.3,-1.3,3,21.4,37.63636364
2023/7/19 17:00,118.1,1.38,16.85,235.8,69.15,10,31.7,753.7,-0.7,4,22.1,41.2
2023/7/19 20:00,98.09090909,1.327272727,20.36363636,200.5454545,75.13636364,8,29.1,754.6,0.9,3,20.8,46
2023/7/19 23:00,77.86363636,1.445454545,17.72727273,176.3636364,75.95454545,8.545454545,27.2,755,0.5,2,20,50.27272727
2023/7/20 2:00,80.8,1.525,29,106.3,91.95,23.3,22.1,754.9,-0.2,1,20.6,57.9
2023/7/20 5:00,71.1,1.205,37.1,79.55,80.35,20.5,20.9,755.2,0.3,0,19.9,49.3
2023/7/20 8:00,61.95454545,1.45,33.77272727,113.6363636,70.59090909,21.81818182,28.4,755.8,0.7,2,18.8,42.04545455
2023/7/20 11:00,96.18181818,1.231818182,19.59090909,199.2272727,65,14.04545455,31.2,755.6,-0.1,3,20.2,38.13636364
2023/7/20 14:00,123.2272727,1.140909091,13.40909091,245.9090909,63.77272727,9.090909091,33.2,755.5,-0.2,4,22,38.72727273
2023/7/20 17:00,109,0.840909091,14.40909091,218.5454545,57.18181818,6.136363636,32.9,755.2,-0.4,4,20.1,33.72727273
2023/7/20 20:00,78.72727273,0.822727273,24.95454545,177.5909091,63.63636364,5.727272727,29.4,756.1,0.9,1,21.1,38.63636364
2023/7/20 23:00,63.31818182,0.872727273,43.18181818,107.6363636,73.5,5.227272727,24.2,757.2,1.2,0,22.1,43.36363636
2023/7/21 2:00,70.59090909,0.959090909,38.63636364,86.63636364,82.54545455,6.909090909,23.2,757.1,-0.1,1,22.4,49.90909091
2023/7/21 5:00,81.18181818,1.204545455,48.5,34.36363636,94.09090909,10.5,22.6,757.9,0.7,1,21.8,58.59090909
2023/7/21 8:00,82.13636364,1.672727273,45.77272727,56.90909091,93.59090909,15.40909091,27.7,758.7,0.9,1,22.9,58
2023/7/21 11:00,65.04545455,1.013636364,25.59090909,163.2727273,61.04545455,11.59090909,31.4,758.8,0,1,21.9,38.22727273
2023/7/21 14:00,109.45,1.055,12.45,227.15,64.05,7.95,32.3,757.8,-0.9,2,21.5,39.15
2023/7/21 17:00,78.18181818,0.977272727,10.59090909,174.8181818,57.81818182,5.5,32.2,757,-0.9,2,22.9,35.54545455
2023/7/21 20:00,51.31818182,0.95,27.95454545,105.3636364,52.63636364,4.5,27.5,757.8,0.9,1,23.9,33.59090909
2023/7/21 23:00,52.31818182,0.836363636,25.04545455,85.72727273,55.68181818,8,27.9,758.3,0.5,2,22.8,32.90909091
2023/7/22 2:00,49.13636364,0.659090909,19.59090909,95.45454545,50.27272727,9.454545455,23.1,758.3,0,0,20.8,29.72727273
2023/7/22 5:00,49.27272727,0.727272727,20.13636364,76.27272727,50.63636364,7.454545455,22.5,758.1,-0.2,0,21.5,32.5
2023/7/22 8:00,49.27272727,0.9,31.72727273,62.09090909,50.18181818,7.5,24.5,757.9,-0.3,1,21.6,32.31818182
2023/7/22 11:00,50.40909091,0.872727273,24.59090909,64.81818182,55.31818182,4.727272727,23.3,757.3,-0.5,2,21.7,30.95454545
2023/7/22 14:00,40.27272727,0.768181818,15.68181818,72.31818182,37.72727273,4.5,23.4,754.3,-3.1,3,22.2,27.09090909
2023/7/22 17:00,42.13636364,0.868181818,18.31818182,56,39.95454545,4.363636364,24.8,752.7,-1.5,1,23.4,27.45454545
2023/7/22 20:00,37.04545455,0.990909091,18.54545455,49.81818182,34.90909091,4.318181818,23.8,751.8,-0.9,1,23.1,24.59090909
2023/7/22 23:00,23.36363636,0.772727273,10.81818182,49.13636364,20.09090909,4.272727273,23.4,750.7,-1.1,1,22.9,15.04545455
2023/7/23 2:00,22.36363636,1.009090909,12.54545455,45.45454545,19.81818182,4.636363636,23.6,750.3,-0.4,1,22.8,14.77272727
2023/7/23 5:00,22.04545455,0.913636364,6.954545455,69.45454545,9.545454545,4.863636364,21.9,750.8,0.5,4,20.9,7.318181818
2023/7/23 8:00,21.86363636,0.772727273,9.272727273,68.45454545,7.318181818,5,23.4,751.3,0.4,5,20.5,6.136363636
2023/7/23 11:00,25.86363636,0.536363636,9.545454545,81.45454545,8.727272727,5.818181818,24.7,751.7,0.5,5,20,4.909090909
2023/7/23 14:00,30.04545455,0.522727273,9.5,94.77272727,8.409090909,5.227272727,27.2,752,0.3,4,21,5.227272727
2023/7/23 17:00,26,0.554545455,15.90909091,77.18181818,15.09090909,4.5,23.9,752.3,0.3,2,21.6,5.454545455
2023/7/23 20:00,21.59090909,0.613636364,25.90909091,59,13.81818182,4.454545455,22.6,753.5,1.1,1,21.4,7.272727273
2023/7/23 23:00,21,0.595454545,28.22727273,36.77272727,17.68181818,4.318181818,21.2,754.3,0.8,1,20.5,9.545454545
2023/7/24 2:00,23.86363636,0.6,26.59090909,23.27272727,22.13636364,4.818181818,20.4,754,-0.2,0,20.1,11.54545455
2023/7/24 5:00,22.13636364,0.622727273,30.13636364,16.72727273,21.31818182,6.090909091,19.9,754.8,0.7,0,19.6,12.04545455
2023/7/24 8:00,53,1.363636364,26.09090909,59.77272727,56.5,13.81818182,24.4,754.9,0.1,2,21.9,29.36363636
2023/7/24 11:00,45.86363636,1.277272727,14.27272727,131.0454545,44.36363636,8.545454545,28.3,754.8,0,3,22.1,27.54545455
2023/7/24 14:00,57.59090909,1.177272727,8.727272727,162,31.63636364,6.363636364,30.6,754,-0.8,3,21.9,19.68181818
2023/7/24 17:00,50.40909091,0.890909091,10.22727273,150.4545455,30.68181818,5.909090909,30.5,753.7,-0.4,3,21.6,16.13636364
2023/7/24 20:00,35.77272727,0.672727273,17.59090909,105.6818182,25,4.727272727,26.6,754.9,1.2,2,20.4,14.86363636
2023/7/24 23:00,27.13636364,0.654545455,22.27272727,73.27272727,25.09090909,11.86363636,24,756.1,1.2,1,21.5,13.90909091
2023/7/25 2:00,29.27272727,0.722727273,18.95454545,55.59090909,28.63636364,14.13636364,23,755.6,-0.4,1,21.6,16.36363636
2023/7/25 5:00,27.77272727,0.804545455,16.04545455,59.59090909,26,11.31818182,22.7,756.3,0.7,1,21.2,16.72727273
2023/7/25 8:00,38.04545455,0.845454545,24.18181818,68.59090909,37.59090909,10.13636364,26.6,756.8,0.5,2,22,21.72727273
2023/7/25 11:00,40.36363636,0.681818182,14.95454545,110.7727273,38.22727273,7.727272727,29.5,756.7,-0.1,2,22.5,21.86363636
2023/7/25 14:00,46.63636364,0.8,9.318181818,147.0909091,38.86363636,4.772727273,30.8,756.5,-0.2,2,22.7,24.36363636
2023/7/25 17:00,40.59090909,0.663636364,14.72727273,123.3636364,33.27272727,4.5,23.5,757.1,0.5,4,22.1,18.5
2023/7/25 20:00,28.3,0.695,37.25,63.95,23.5,4.55,23,757.3,0.3,0,22.2,16.3
2023/7/25 23:00,34.7,0.82,43.15,28.35,33.15,6.15,22.7,758.2,0.8,0,22.2,21.4
2023/7/26 2:00,38.9,0.965,39.35,15.2,39.15,9.45,22.3,758.2,0.1,1,22,19.6
2023/7/26 5:00,38.2,1.015,36.8,8.95,38.2,7.05,21.7,758.8,0.5,1,21.4,19.15
2023/7/26 8:00,41.35,1,34.7,35.5,39.1,7.45,25.8,758.9,0.1,1,23.7,23.65
2023/7/26 11:00,34.35,0.74,14.6,100.7,29.95,5.95,29.9,758.2,-0.6,2,23.8,17.9
2023/7/26 14:00,49.8,0.66,6.95,147.95,25.65,7.25,31.7,757.9,-0.4,3,23.8,14.55
2023/7/26 17:00,55.3,0.68,11.4,156.55,34.9,5.6,30.9,757.1,-0.7,3,23,20.7
2023/7/26 20:00,46.45454545,0.695454545,20.31818182,119.9545455,43,4.863636364,27.1,757.6,0.4,1,23.6,25.13636364
2023/7/26 23:00,31.36363636,0.581818182,21.68181818,62.63636364,28.5,10.68181818,25.9,758.4,0.9,1,22.6,16.54545455
2023/7/27 2:00,24.09090909,0.554545455,12.95454545,62.63636364,21.22727273,6.409090909,23.9,758.5,0,1,21.6,12.68181818
2023/7/27 5:00,26.5,0.704545455,15.13636364,58.36363636,25.77272727,8.727272727,22.8,758.2,-0.3,0,21.8,12.81818182
2023/7/27 8:00,24.22727273,0.695454545,15.54545455,65.18181818,23.13636364,7.772727273,28.5,758.1,0,3,22.7,12
2023/7/27 11:00,29.09090909,0.486363636,8.227272727,92.63636364,21.54545455,6.090909091,30.3,757.8,-0.3,4,23.5,11.40909091
2023/7/27 14:00,43.04545455,0.631818182,8.409090909,136.2272727,25.22727273,5.863636364,31.8,756.8,-1,3,23.3,15.22727273
2023/7/27 17:00,34.59090909,0.436363636,11.77272727,93.77272727,26.27272727,5.681818182,28.8,757,0.2,2,23.5,11.90909091
2023/7/27 20:00,24,0.5,24.04545455,35.72727273,23.45454545,9,26.1,757.8,0.8,1,23,11.40909091
2023/7/27 23:00,19.54545455,0.477272727,16.18181818,31.09090909,19.54545455,10.95454545,24.4,757.9,0,1,22.1,8.909090909
2023/7/28 2:00,19.40909091,0.486363636,15.40909091,33.18181818,18.72727273,13.13636364,22.6,757.1,-0.7,1,21.8,8.181818182
2023/7/28 5:00,20.13636364,0.65,17.95454545,24.40909091,20.13636364,10,23.1,757.1,0,0,22.3,8.454545455
2023/7/28 8:00,23.95,0.64,16.6,24.95,23.95,12.85,27.8,757.5,0.4,2,23,9.4
2023/7/28 11:00,28.59090909,0.604545455,12.5,63,28.59090909,6.590909091,29.45,757.35,0.166666667,3,23.85,10.86363636
2023/7/28 14:00,28.59090909,0.545454545,7.727272727,84.86363636,25.45454545,5.681818182,31.1,757.2,-0.066666667,4,24.7,11.86363636
2023/7/28 17:00,26.45454545,0.45,9.318181818,78.04545455,23.54545455,4.909090909,30.3,757,-0.3,4,24,10.59090909
2023/7/28 20:00,28.95454545,0.495454545,18.22727273,59.31818182,27,9.272727273,25.7,758.3,1.4,1,22.8,12.81818182
2023/7/28 23:00,35.86363636,0.509090909,22.54545455,22.04545455,35.31818182,15,24.3,758.8,0.4,1,23.1,17
2023/7/29 2:00,27.31818182,0.368181818,17.5,17.18181818,26.90909091,11.27272727,24.2,758.4,-0.3,1,23.2,14.09090909
2023/7/29 5:00,26.95454545,0.55,19.22727273,13,25.63636364,8.363636364,24,758.3,-0.1,0,23,12.95454545
2023/7/29 8:00,27.22727273,0.6,16.72727273,20.81818182,26.59090909,16.09090909,27.3,758.6,0.3,3,23.1,12.81818182
2023/7/29 11:00,20.86363636,0.613636364,12.5,40.40909091,20.68181818,8.909090909,28.8,758.7,0.1,3,24.1,10.04545455
2023/7/29 14:00,29.72727273,0.754545455,13.31818182,57.45454545,29.18181818,7.318181818,29.6,758.1,-0.6,4,23.5,13.59090909
2023/7/29 17:00,27.04545455,0.568181818,12.54545455,60.59090909,24.04545455,6.545454545,28.6,757.9,-0.2,4,23.5,11.90909091
2023/7/29 20:00,16.22727273,0.481818182,10.90909091,34.5,15.36363636,5.409090909,26.4,759,1.1,3,23.1,8.227272727
2023/7/29 23:00,21.68181818,0.840909091,21.5,14.45454545,21.22727273,7.863636364,25.7,759.4,0.3,2,23.2,10.31818182
2023/7/30 2:00,19.09090909,0.609090909,17.36363636,12.5,19.09090909,13.81818182,25.5,759.1,-0.2,1,22.8,7.727272727
2023/7/30 5:00,20.45454545,0.531818182,16.95454545,8.681818182,20.45454545,14.95454545,25.1,759.1,-0.1,2,22.2,7.772727273
2023/7/30 8:00,23.22727273,0.554545455,14.45454545,11.54545455,23.22727273,16.45454545,26.2,759.7,0.6,2,22.7,8.136363636
2023/7/30 11:00,25.22727273,0.481818182,15.40909091,21,21.95454545,15.36363636,27.2,759.8,0.2,2,23.2,9.318181818
2023/7/30 14:00,29,0.640909091,12.86363636,31.59090909,24.81818182,8.590909091,27.6,759.4,-0.4,2,23.6,15.81818182
2023/7/30 17:00,21.05,0.675,16.25,25,16.85,8.4,26.4,759.7,0.3,2,22.7,10.3
2023/7/30 20:00,22.77272727,0.5,23.59090909,22.86363636,19.04545455,11.63636364,23.6,759.8,0,1,21.3,10.77272727
2023/7/30 23:00,25.36363636,0.495454545,30.31818182,10.68181818,22.81818182,10,21.8,760.4,0.6,0,21,12.54545455
2023/7/31 2:00,24.81818182,0.677272727,27.77272727,4.636363636,23.09090909,7.681818182,20.9,760.3,-0.1,0,20.4,11.27272727
2023/7/31 5:00,24.04545455,0.772727273,21.72727273,4.409090909,24.04545455,8.681818182,20.7,760.9,0.6,1,20.2,10.63636364
2023/7/31 8:00,27.22727273,0.859090909,22.09090909,17.13636364,27.22727273,10.59090909,26.6,760.9,0,1,21.8,11.86363636
2023/7/31 11:00,28.36363636,0.695454545,17.36363636,62.40909091,27.31818182,9.545454545,30.7,760,-0.9,2,23.4,12.22727273
2023/7/31 14:00,38.59090909,0.540909091,8.409090909,117.3181818,34.27272727,8,32.6,759,-0.9,2,23,20.72727273
2023/7/31 17:00,43.90909091,0.672727273,11.04545455,123.3636364,42.27272727,5.409090909,31.7,758.5,-0.5,3,22.4,25.09090909
2023/7/31 20:00,43.31818182,0.572727273,29.31818182,60.77272727,40.09090909,4.818181818,26.1,759,0.5,1,23,25.22727273
2023/7/31 23:00,48.04545455,0.554545455,37.40909091,31.95454545,46.22727273,4.454545455,25.1,759.4,0.3,1,23.5,25.95454545
2023/8/1 2:00,42.40909091,0.468181818,34,14,42.31818182,5.5,24.2,758.7,-0.6,1,23.3,21.54545455
2023/8/1 5:00,43.40909091,0.604545455,30.04545455,13.68181818,44.63636364,5.318181818,23.8,759,0.3,0,23.1,22.27272727
2023/8/1 8:00,55.36363636,1.404545455,32.22727273,18.59090909,61.31818182,15.5,27,758.9,-0.1,2,23.9,32.13636364
2023/8/1 11:00,48.72727273,1.054545455,16.04545455,68.5,48.13636364,10.45454545,30,758.2,-0.8,3,23.2,29.54545455
2023/8/1 14:00,42.04545455,0.804545455,10.27272727,80.81818182,38.40909091,4.5,31.1,757.1,-1,3,24,25.09090909
2023/8/1 17:00,43.63636364,0.663636364,11.18181818,85.72727273,40.09090909,4.954545455,31,755.9,-1.2,2,23.9,27.13636364
2023/8/1 20:00,33.36363636,0.418181818,16.95454545,51.18181818,28.59090909,4.454545455,29.1,756.3,0.4,2,23.1,21.81818182
2023/8/1 23:00,23.04545455,0.35,9.681818182,44.13636364,20.90909091,4.5,27.3,755.8,-0.6,3,22.3,13.68181818
2023/8/2 2:00,31,0.968181818,20.68181818,39,28.77272727,10.63636364,26.8,755.3,-0.3,2,22.6,18.72727273
2023/8/2 5:00,47.54545455,1.077272727,28.09090909,25.59090909,46.31818182,14,25.8,754.6,-0.8,2,23.7,28.36363636
2023/8/2 8:00,32.5,0.636363636,17.63636364,29.90909091,31.31818182,13.40909091,27.6,754.3,-0.4,3,22.8,19.86363636
2023/8/2 11:00,34.54545455,0.781818182,13.86363636,73,38.31818182,8.818181818,30.3,753,-1.2,6,24,17.63636364
2023/8/2 14:00,43.54545455,0.622727273,8.954545455,120.5454545,38.81818182,7.136363636,32.1,751.7,-1.2,6,23.1,16.63636364
2023/8/2 17:00,39.9,0.59,10.05,116.45,38.35,6,31.8,750.3,-1.5,5,23.1,15.8
2023/8/2 20:00,33.27272727,0.659090909,16.09090909,84.95454545,31.54545455,6.590909091,29.8,750.8,0.6,2,22.8,17.13636364
2023/8/2 23:00,30.77272727,0.481818182,15.90909091,57.22727273,29.22727273,9.318181818,28.3,750.3,-0.6,5,22.8,16.31818182
2023/8/3 2:00,28.05,0.49,11,69.25,26.7,9.15,27.6,750.4,0.1,3,22.1,16.3
2023/8/3 5:00,33.13636364,0.572727273,11,81.95454545,31.31818182,9.272727273,27.9,749.8,-0.6,4,22.6,19.95454545
2023/8/3 8:00,38.40909091,0.613636364,15.13636364,84.22727273,39.27272727,8,29.1,749.9,0.2,5,23.5,22.63636364
2023/8/3 11:00,52.9,0.83,12.81818182,114.1,56.04545455,4.818181818,31.3,749.8,-0.2,5,25.4,30.31818182
2023/8/3 14:00,45.04545455,0.590909091,7.363636364,116.0909091,42.18181818,3.954545455,33.5,748.9,-0.8,5,24.1,23.45454545
2023/8/3 17:00,44.36363636,0.613636364,9.136363636,116.2727273,41.86363636,4.681818182,32.2,748.8,-0.2,7,23.2,21
2023/8/3 20:00,45.2,0.735,18.35,97.15,44.95,4.6,30.1,749.5,0.8,2,24,24.65
2023/8/3 23:00,37.85,0.575,14.95,71.2,37.7,7.1,28.9,749.5,-0.1,4,24,20.3
2023/8/4 2:00,34.4,0.535,9.7,83.1,34.1,7.2,28.9,749.3,-0.1,3,23.3,18.5
2023/8/4 5:00,31.2,0.535,8.05,92.25,29,7.8,29.2,749.5,0.2,4,23.4,16.35
2023/8/4 8:00,31.65,0.55,16.95,66.45,32.35,8.85,29,749.9,0.4,4,25,16.65
2023/8/4 11:00,45.35,0.74,16,92.75,44.85,5.1,30.8,749.7,-0.3,3,25.6,23.2
2023/8/4 14:00,54.6,0.9,15.45,123.1,57.15,3.6,31.2,749.1,-0.6,4,26.7,31.4
2023/8/4 17:00,49.55,0.72,15.55,112.45,52.95,2.9,30.6,749.2,0.1,3,27,27.05
2023/8/4 20:00,41.35,0.695,17,93.45,36,2.9,28.1,749.8,0.7,2,26.7,26.15
2023/8/4 23:00,52.25,0.71,17.05,73.35,51.6,3.05,28.2,749.8,0,2,26.6,34.45
2023/8/5 2:00,20.85,0.58,14.2,44.1,17.95,3.65,25.4,750.4,0.5,1,24,13.2
2023/8/5 5:00,15.55,0.465,11.95,30.5,13.25,3.85,23.8,751.3,0.9,3,20.1,9.2
2023/8/5 8:00,13,0.44,11.2,37.8,8.2,4.15,24.4,751.6,0.3,3,16.9,5.45
2023/8/5 11:00,16.05,0.445,11.6,50.75,11.85,4.25,24.8,751.9,0.3,3,18.3,4.5
2023/8/5 14:00,21.95,0.445,7.95,68.5,11.4,4.55,26.3,752.1,0.2,3,18.2,3.8
2023/8/5 17:00,22.05,0.41,10.35,69.25,12.15,4.5,25.4,752.4,0.3,3,17.1,3.95
2023/8/5 20:00,20.55,0.41,13.85,64.35,12.45,4.65,22.9,753.6,1.2,3,16,4.3
2023/8/5 23:00,19.1,0.385,13.4,59.3,13.25,4.25,19.8,753.4,-0.3,1,14.4,3.6
2023/8/6 2:00,19.45,0.385,17.35,45.5,14.6,4.95,19.8,753.1,-0.3,1,15,3.9
2023/8/6 5:00,15.2,0.385,12.8,47.05,10.25,5.35,19.4,753.3,0.2,1,15.9,3.65
2023/8/6 8:00,14.05,0.42,15.15,42.85,8.45,4.6,20.9,753.4,0.1,2,15.7,4
2023/8/6 11:00,12.6,0.445,16,36.9,9.75,4.75,22.8,753.2,-0.2,2,17.3,5.3
2023/8/6 14:00,18.75,0.43,12,54.7,13.75,4.2,24.2,752.3,-0.9,2,17,7.9
2023/8/6 17:00,18.75,0.46,11,58.2,9.6,4.45,24.6,752.1,-0.2,2,17.3,4.5
2023/8/6 20:00,14.15,0.51,16.5,43.85,9.6,4.35,22.3,752.8,0.7,2,18.3,5.35
2023/8/6 23:00,13.8,0.515,20,30.45,11.75,4.6,20.3,753.1,0.3,2,17.5,6.35
2023/8/7 2:00,16.3,0.505,20.35,27.3,16.2,5.3,19.9,753.1,0,2,17.7,7
2023/8/7 5:00,18.3,0.455,16.85,24.9,17.85,4.85,18.8,753.7,0.6,2,17.5,9.35
2023/8/7 8:00,18.85,0.515,16.3,36.8,18.4,4.45,21.6,754.2,0.5,2,17.8,11.25
2023/8/7 11:00,18.5,0.465,14.4,56.5,15.9,4.2,24.1,754,-0.2,3,17.6,7.55
2023/8/7 14:00,24.9,0.445,9.5,78.1,13.1,4.35,26.7,752.8,-1.1,3,17.8,6.45
2023/8/7 17:00,25.9,0.445,10.5,81.4,13.45,4.5,27.5,752.6,-0.2,2,17.1,5.1
2023/8/7 20:00,20.6,0.48,22.65,53.8,17.85,4.45,23.9,753,0.3,2,18.1,6.85
2023/8/7 23:00,18.05,0.48,22.5,35.7,15.65,4.45,20.8,753.8,-0.1,1,18.6,8.6
2023/8/8 2:00,17.2,0.515,29.75,19.1,15.65,5.1,18.8,753.3,-0.5,0,17.8,8.4
2023/8/8 5:00,20.75,0.555,28.6,10.8,20.2,5.65,19,754.3,1,1,18.2,10.1
2023/8/8 8:00,23.35,0.565,23.15,30.8,23.2,5.1,24.4,754.8,0.6,3,19,11.9
2023/8/8 11:00,24.5,0.515,13.7,73.95,17.85,5.2,28.1,754.8,0,2,19.1,9.3
2023/8/8 14:00,36.2,0.485,10.55,113.9,20.95,5.1,30,753.8,-1,1,20.8,9.65
2023/8/8 17:00,33.9,0.485,11.55,106.85,20.7,4.9,28.8,753.9,0.1,3,19.4,9.2
2023/8/8 20:00,22.65,0.475,18.6,68.05,19.7,5.1,25.4,755.2,1.2,2,17.3,9.5
2023/8/8 23:00,20.6,0.52,19.5,56.65,20,4.85,22.5,755.3,0.2,1,18.3,8.95
2023/8/9 2:00,23.5,0.58,30.35,31.9,23.2,5.25,20.9,755,-0.3,0,19,11.7
2023/8/9 5:00,29,0.57,29.65,22.3,28.85,5.5,21.8,755.8,-0.233333333,1,19,14.4
2023/8/9 8:00,22.66666667,0.65,21.1,38,23.1,5.888888889,25.7,756.4,-0.166666667,2,20.3,12.35
2023/8/9 11:00,29.5,0.52,12.15,93.05,23.4,5.35,29.5,756.3,-0.1,3,20.4,10.85
2023/8/9 14:00,35.25,0.45,8.75,111.55,17.65,5.4,30.7,756,-0.3,3,19.4,8.45
2023/8/9 17:00,31.1,0.435,11.65,97.9,18.4,5,29.4,755.9,-0.1,3,18.5,7
2023/8/9 20:00,21.5,0.445,20.9,62.75,16.9,4.75,26,756.5,0.6,3,18.4,7.3
2023/8/9 23:00,17.4,0.505,19.8,48.65,15.25,5.45,24.3,756.4,-0.1,2,18,7.7
2023/8/10 2:00,17.15,0.515,26.95,30.8,16.65,5.55,22.6,756,-0.4,2,18.2,7.8
2023/8/10 5:00,20.85,0.505,25.55,24.75,20.15,5.75,21.1,756.3,0.3,2,17.9,10.35
2023/8/10 8:00,21.6,0.505,21.55,37.55,21.6,5.75,23.1,756.5,0.2,2,18.4,9.65
2023/8/10 11:00,25.7,0.43,10.1,78,19.6,5.2,27.8,755.5,-1,5,17.3,6.95
2023/8/10 14:00,28.7,0.45,7.45,90.45,19.15,4.95,28.5,754.1,-1.4,5,18,5.65
2023/8/10 17:00,27.1,0.445,9.15,85.45,19.4,4.85,27.4,753.4,-0.8,4,17.9,6.65
2023/8/10 20:00,19.55,0.445,13,59.75,17.65,5,25,753.1,-0.2,4,18,7
2023/8/10 23:00,19.6,0.465,13.65,54.3,18.45,5.45,23.4,751.7,-1.4,3,18.1,7
2023/8/11 2:00,20,0.495,14.1,55.5,19.15,5.85,22.6,751,-0.8,4,18.8,8.65
2023/8/11 5:00,22,0.48,13.65,47.95,21.9,5.3,21.3,750,-0.9,3,18.9,9.5
2023/8/11 8:00,21.25,0.53,14.55,42.75,23.35,4.55,23.4,750,0,4,19.3,11.45
2023/8/11 11:00,23,0.465,11.25,67.9,19.9,5.15,27.1,749.5,-0.6,4,20,8.75
2023/8/11 14:00,23.5,0.47,11.8,72.25,19.9,4.7,26.8,748.9,-0.6,2,20.9,10.2
2023/8/11 17:00,24.3,0.495,18.75,57.65,23.65,5.3,26,749.1,0.3,2,22.3,10.4
2023/8/11 20:00,25.05,0.51,21.2,50.65,24.9,6.3,25.3,749.8,0.7,2,21.2,12.25
2023/8/11 23:00,27.6,0.52,20.55,40.7,27,5.8,25.1,750.1,0.2,2,21.4,13.15
2023/8/12 2:00,32.5,0.53,29.9,16.55,32.5,7,23.9,750,0,1,22.2,15.1
2023/8/12 5:00,35.3,0.58,31.55,8.55,34.6,7.8,23.3,750.4,0.4,1,22.1,16.65
2023/8/12 8:00,33.55,0.555,28.75,15.55,34.3,8.45,24.5,751,0.5,2,22.4,16.45
2023/8/12 11:00,29.1,0.52,22.45,37.15,28.35,5.7,25.4,751.3,0.4,1,22.5,12.75
2023/8/12 14:00,21.9,0.52,20.3,47.25,21.5,4.7,24.5,751.3,0,1,23.3,10.7
2023/8/12 17:00,22.9,0.59,22.8,37.45,22.35,4.75,23.1,751.7,0.4,1,22.4,12.9
2023/8/12 20:00,19.25,0.47,15.5,60.6,12.65,4.55,22,752.6,0.9,2,21,8.4
2023/8/12 23:00,21.35,0.43,11.95,66.45,7.7,4.7,20.9,752.7,0.1,1,20.2,5.25
2023/8/13 2:00,15.25,0.655,18.25,39.95,11.05,5.7,21.3,752.2,-0.6,1,20.8,6.25
2023/8/13 5:00,12.7,0.62,17.9,28.3,9.85,4.9,21.6,752.2,0,1,21.1,6.1
2023/8/13 8:00,13.8,0.6,25.25,16.6,8.05,4.7,22.1,752.6,0.4,1,21.8,5.35
2023/8/13 11:00,14.4,0.78,23.4,24.35,10.6,4.75,22.7,752.6,0,2,22.2,6.55
2023/8/13 14:00,16.5,0.8,22.1,42.4,14.25,5.1,23.3,752.6,0,2,22.3,8.95
2023/8/13 17:00,17.6,0.705,22.35,41.7,16,5.1,23.4,752.7,0.1,2,22,9
2023/8/13 20:00,19.35,0.65,23.3,27.6,18.4,4.85,23,753.1,0.4,1,22,11.4
2023/8/13 23:00,23.3,0.74,30.85,9.95,23.3,5.15,21.2,753.3,0.2,1,20.7,12.95
2023/8/14 2:00,20.8,0.695,27.3,10.55,20.5,5,20.8,753.8,0.5,1,20.5,9.8
2023/8/14 5:00,16.6,0.67,25.95,19.85,13.4,5.45,20,754.1,0.3,1,19.7,7.45
2023/8/14 8:00,17.25,0.67,18.3,51.25,13.2,7.2,24.3,754.6,0.5,2,21.4,5.85
2023/8/14 11:00,29.95,0.7,16.1,92.55,16.9,7.5,29.4,754.6,0,1,22.4,7
2023/8/14 14:00,41.65,0.645,10.8,131.05,19.95,5.85,31,753.7,-0.8,2,22,9.05
2023/8/14 17:00,39.3,0.62,12.2,124.1,19.1,5.25,29.6,753.6,-0.1,1,22.6,10.45
2023/8/14 20:00,26.35,0.71,27.8,75.8,23.9,5.1,26.5,754.4,0.8,1,23.2,11.75
2023/8/14 23:00,36.85,1,42.45,26.65,37.25,7.75,23.8,754.9,0.5,1,23,15.25
2023/8/15 2:00,40.9,1.905,31.6,17.8,41.7,28.65,22.7,754.9,-0.1,1,22.2,18.1
2023/8/15 5:00,36.5,1.665,31.9,7.15,36.5,16.4,21.5,755.2,0.4,0,21,17.15
2023/8/15 8:00,34.2,1.305,29.1,24.7,34.4,15.1,25.8,755.7,0.5,1,22.1,16.85
2023/8/15 11:00,35.25,1.14,18.45,91.85,35.8,11.3,29.2,755,-0.7,1,22.7,19.3
2023/8/15 14:00,47.85,0.775,8.85,148.7,26.7,6.7,32,753.7,-1.4,2,21.2,16.9
2023/8/15 17:00,41.5,0.61,10.6,130.95,21.1,5.85,31.8,752.9,-0.7,2,20.7,12.5
2023/8/15 20:00,32.8,0.745,30.1,89.65,31.3,5,26.5,753.4,0.4,1,23.6,16.5
2023/8/15 23:00,38,0.865,45.85,44.75,37.7,5.45,24.4,753.4,0.1,1,23.4,20.1
2023/8/16 2:00,44.8,0.845,47.4,14.1,46.35,5.25,23.2,753.5,0.1,1,22.5,23.5
2023/8/16 5:00,60.4,1.305,45.5,5.2,70.55,8.3,23.5,753.1,-0.4,1,23,34.1
2023/8/16 8:00,87.77777778,1.605,40.4,27,100.6,8.888888889,25.4,754,0.8,1,23.5,54.25
2023/8/16 11:00,67.11111111,1.288888889,35.5,102.35,80.85,7.65,30.4,753.6,-0.3,1,24.1,44.8
2023/8/16 14:00,38.65,0.69,21.5,120.75,27.7,5.7,32.1,752.6,-1,1,22.5,18
2023/8/16 17:00,35.6,0.525,14.5,112.45,18.7,5.1,32,752,-0.5,1,21.8,11.1
2023/8/16 20:00,34.3,0.7,39.7,58.5,33.1,5,26.1,753.4,1.2,1,24.9,16.75
2023/8/16 23:00,43.2,0.79,53.5,24.55,44.5,5.6,24.4,753.6,0.3,1,23.4,22.35
2023/8/17 2:00,49.55,0.82,43.95,11.7,53.8,6.95,22.7,753.4,-0.3,1,22.2,26.2
2023/8/17 5:00,51.95,0.865,41.15,5.6,54.8,8.05,21.9,753.7,0.3,0,21.4,27.9
2023/8/17 8:00,56.3,1.3,39.45,37.45,64,20.55,26.2,754.1,0.5,1,23.3,34.85
2023/8/17 11:00,49.65,1.06,29.6,118.15,51.4,11.2,31,753.7,-0.4,1,23.9,26.85
2023/8/17 14:00,65.35,0.765,25.25,171.05,40.3,7.6,31.3,753.1,-0.7,1,23.1,22.5
2023/8/17 17:00,82.8,0.725,20.45,187.2,39.45,5.7,31,752.6,-0.4,0,24.6,22.1
2023/8/17 20:00,42.5,0.735,46.55,89.75,41.3,5.45,25.7,753.3,0.7,0,23.6,19.45
2023/8/17 23:00,52.35,0.955,48.15,59.4,56.5,17.15,23.7,753.9,0.6,0,22.9,25.95
2023/8/18 2:00,60.5,1.42,34.1,56.1,69.2,32.35,22.9,754,0.1,1,22.2,34.65
2023/8/18 5:00,61.05,2.065,36.2,41.2,64.45,27.9,22.6,754,0,0,22.1,38.95
2023/8/18 8:00,51.1,1.755,35.15,56.15,52.45,26.45,27.3,754.6,0.5,2,23.3,31.6
2023/8/18 11:00,37.2,0.865,12.55,116.1,26.25,13.8,30.9,754.6,0,4,21.7,18.25
2023/8/18 14:00,68.55,0.895,11.5,173.85,42.4,6.5,31.9,753.7,-0.9,3,22,27.15
2023/8/18 17:00,61.8,0.945,17.55,165.45,62,5.65,30.6,753.8,0.2,3,22.2,34.85
2023/8/18 20:00,31,0.7,31.45,76.8,28.3,5.05,23,755.5,1.6,1,22,18.5
2023/8/18 23:00,35.3,0.785,28.6,57.25,34.1,5.75,22.8,756.4,0.9,1,22.3,20.35
2023/8/19 2:00,41.65,0.895,38.4,22.95,40.6,6.05,22.7,756.7,0.3,1,22,24.1
2023/8/19 5:00,44.95,0.915,32.1,17.25,44.35,6.7,22,757.1,0.5,1,21.5,24.3
2023/8/19 8:00,53.55,1.325,34.05,24.7,55.85,12.1,25.2,758.2,1,1,23.3,29.3
2023/8/19 11:00,60.3,1.09,24.7,124.35,64.4,11.75,30.2,757.9,-0.3,1,24.4,39.4
2023/8/19 14:00,97.25,0.935,16.9,201.2,61.05,6.25,32,756.9,-0.9,2,23.5,39.2
2023/8/19 17:00,88.15,0.99,19.35,189.95,69.2,5.65,31.4,756.3,-0.6,1,23.8,43.95
2023/8/19 20:00,79,1.2,42.35,123.4,80.7,6,25.7,757.4,1.1,1,23.7,55.35
2023/8/19 23:00,51.05,0.81,24.9,111.05,53.65,5.55,21.8,758.8,1.3,4,20.8,30.4
2023/8/20 2:00,32.3,0.795,13.8,99.4,22.55,4.85,20.8,758.7,0,1,20.1,16.45
2023/8/20 5:00,27.65,0.775,21.25,62.1,26.35,5.25,22.5,758.75,0.15,1,20.6,16.45
2023/8/20 8:00,35.7,1.07,33.1,46.1,35.25,7.95,24.2,758.8,0.3,1,21.1,20.25
2023/8/20 11:00,50.6,1.245,28.75,113,52.2,12.65,29.6,758.7,0,1,23.3,31.7
2023/8/20 14:00,68.3,0.895,14.35,174.8,48.05,6.55,31.9,757.6,-1.2,2,22.9,30.45
2023/8/20 17:00,58.95,0.85,18.35,157.35,48.05,5.55,31.4,756.4,-1.2,1,23.8,30.6
2023/8/20 20:00,54.6,0.935,28.75,110.3,57.25,8.95,25.6,756.6,0.3,1,24,35.9
2023/8/20 23:00,43.95,1.16,34.9,52.5,41.1,18.45,23.6,757.2,0.6,1,22.4,27.3
2023/8/21 2:00,51.8,1.535,33,33.65,53.3,28.1,23.2,756.1,-1.1,0,22.2,30.75
2023/8/21 5:00,51.25,1.54,34.7,33.25,51.3,19,22.4,754.9,-1.3,0,21.7,31.05
2023/8/21 8:00,45.1,1.12,33.05,46.35,43.8,11.1,24.4,754,-0.8,1,22.3,26.65
2023/8/21 11:00,42.5,0.94,22.2,67.5,41.75,6.25,25.1,753.6,-0.4,2,23.2,25.7
2023/8/21 14:00,28.85,0.66,14.95,80.7,23.1,5.2,22.1,751.9,-1.7,2,20.9,17.3
2023/8/21 17:00,22.85,0.585,16.9,71.25,13,5.25,22.3,750.8,-1.1,2,21.8,10.05
2023/8/21 20:00,19.55,0.79,28.95,39.5,17.4,5.9,22.2,750.9,0.1,1,21.7,12.25
2023/8/21 23:00,31,0.975,21.5,34.1,27.45,10.7,22.7,750.9,0,2,22,20.25
2023/8/22 2:00,32,0.73,13.7,41.3,28.1,4.95,22.1,751.3,0.3,1,21.4,19.9
2023/8/22 5:00,23.6,0.64,18.2,38.35,21.55,5.05,21.5,751.4,0.1,1,21,14.1
2023/8/22 8:00,29.15,0.71,22.9,43.35,28.1,5.55,23,751.9,0.5,1,21.6,16.6
2023/8/22 11:00,28.75,0.555,13.3,91.85,20,5.75,25.8,752.1,0.3,2,20.4,14.9
2023/8/22 14:00,36.55,0.58,11.3,114.8,21.75,5.45,27.4,751.9,-0.3,2,19.7,12.45
2023/8/22 17:00,30.75,0.42,10.85,96.85,13.6,5.8,28,752.2,0.4,2,17.2,5.8
2023/8/22 20:00,25.65,0.535,40.25,35.35,22.6,5.5,20.1,753.7,1.4,0,16.3,7.85
2023/8/22 23:00,30,0.705,47,15.55,26.8,6.65,18,754.5,0.8,0,17.2,10.85
2023/8/23 2:00,38,0.77,39.7,4.4,38.6,6.6,16.6,754.6,0.1,1,16.1,14.05
2023/8/23 5:00,31.55,0.625,30.7,4.3,31.55,6.5,15.6,755.3,0.7,0,15.1,11.9
2023/8/23 8:00,48,1.355,35.7,15.7,47.9,9.611111111,18.8,756.4,1.1,2,18,22.8
2023/8/23 11:00,42.5,1.015,28.27777778,85.1,46.55,8.85,27.2,756.3,-0.1,2,15.2,20.4
2023/8/23 14:00,38.83333333,0.488888889,12.95,123.4,21.61111111,6.8,29.4,755.8,-0.5,2,14.4,7.888888889
2023/8/23 17:00,37.35,0.49,12.45,118.2,18.95,7.5,28.8,755.5,-0.3,1,18.3,6.7
2023/8/23 20:00,33,0.655,48.15,55.25,26.8,6.65,20.9,756.9,1.4,0,18.5,9.1
2023/8/23 23:00,37.8,0.7,54.05,27.1,37.2,7.5,18.9,758,1.1,0,17.9,13.55
2023/8/24 2:00,39.1,1.08,40.2,6.4,39.1,11.45,18.2,757.6,-0.4,1,16.9,15.1
2023/8/24 5:00,34.6,1.13,30.3,11.95,34.6,9.15,17.2,758.4,0.8,1,16.1,14.9
2023/8/24 8:00,30.2,0.915,26.7,38.8,29.4,15.05,23.1,758.5,0.1,2,17.1,12.65
2023/8/24 11:00,28.55,0.645,15.7,87.6,25.9,10.75,28.5,757.9,-0.7,3,15.4,9.1
2023/8/24 14:00,35.25,0.465,8.8,111.75,20.8,6.6,30.7,756.4,-1.5,3,15.2,6.9
2023/8/24 17:00,36.6,0.465,11.35,115.35,19.65,6.3,29.3,756.3,-0.1,4,15.1,7.65
2023/8/24 20:00,25.6,0.49,20.9,75.65,23.7,6.3,25.8,756.7,-0.03,2,16.1,9.5
2023/8/24 23:00,21.6,0.5,17.6,58.55,20.7,6.3,23.4,756.4,0.04,2,16,7.85
2023/8/25 2:00,20.4,0.51,22.75,37.2,20.1,6.85,21.5,756,0.11,2,16.5,9.15
2023/8/25 5:00,19.35,0.56,18.9,35.5,19.05,6.65,20,756.1,0.18,2,16,8.15
2023/8/25 8:00,22.85,0.61,20.6,32.85,22.7,7.1,22.9,756.5,0.25,2,17.1,8.35
2023/8/25 11:00,24.75,0.525,16.35,64.9,22.4,7.1,25.6,756.5,0.32,2,17.3,8.3
2023/8/25 14:00,30.2,0.45,9.8,95.2,17.15,7,27.4,756.1,0.39,3,16.4,6.6
2023/8/25 17:00,25.1,0.43,10.9,79.05,17.25,6.85,25.9,756.2,0.46,0,15,5.45
2023/8/25 20:00,20.4,0.465,21.85,51.55,18.6,6.35,20.6,757.3,0.53,1,16,6
2023/8/25 23:00,29.3,0.55,35.45,27.8,28.4,6.3,18.3,757.9,0.6,0,16.8,10.5
2023/8/26 2:00,21.9,0.465,24.35,21.85,21.9,6.45,17,758.2,0.3,1,16.2,9.45
2023/8/26 5:00,24.2,0.49,23.3,10.05,23.45,6.6,15.9,758.7,0.5,1,15.4,10.5
2023/8/26 8:00,29.95,0.515,20.9,22.05,29.05,9.75,21.6,759.3,0.6,2,17.8,11.8
2023/8/26 11:00,30.4,0.51,16.6,52.4,30.2,6.9,24.2,759.1,-0.2,2,16.7,12.75
2023/8/26 14:00,28.7,0.4,8.35,89.7,17.9,5.85,26.8,758.5,-0.6,2,14.9,7.7
2023/8/26 17:00,33.4,0.41,11.05,91.1,26.1,5.8,26.2,758.4,-0.1,2,14.7,7
2023/8/26 20:00,25.85,0.495,24.55,49.95,25.65,6.15,19.8,759.3,0.9,1,15.2,8.9
2023/8/26 23:00,32.6,0.6,41.7,20.05,32.6,7.3,17.4,759.4,0.1,1,15.7,13.65
2023/8/27 2:00,34.5,0.655,36.05,17.1,34.3,7.95,16,759.7,0.3,1,15.4,16
2023/8/27 5:00,37.9,1.205,34.6,5.2,40.15,14.75,15.9,759.6,-0.1,1,15.4,17.2
2023/8/27 8:00,40.45,0.76,29.35,20.7,43.4,11.45,21.4,760,0.3,2,16.6,18.15
2023/8/27 11:00,25.65,0.44,14.2,66.25,25.2,6.7,25.3,759.4,-0.5,2,15.6,10.75
2023/8/27 14:00,30,0.41,8.65,94.85,20,6.05,27.6,758.6,-0.8,3,13.9,8.05
2023/8/27 17:00,27.95,0.455,14.45,87.5,21.35,6.1,25.6,758.5,-0.1,2,13.5,7.45
2023/8/27 20:00,27.25,0.515,26.3,56.2,26.95,6.65,23.3,759.1,0.6,2,13.2,9.2
2023/8/27 23:00,23.55,0.44,18.2,59.4,23.1,7.05,21.8,758.8,-0.3,2,12.6,9.3
2023/8/28 2:00,19.45,0.465,21.45,47.7,18.8,7.5,20.8,758.1,-0.7,2,12.8,8.85
2023/8/28 5:00,24.8,0.47,23,40.3,22.7,7.7,19.8,758.2,0.1,2,13.3,12.35
2023/8/28 8:00,27.65,0.56,27.15,38.45,28.35,8,20.8,758.3,0.1,2,14.2,13.9
2023/8/28 11:00,26,0.57,16.45,57.15,26,7.85,22.5,758.4,0.1,2,15.4,10.5
2023/8/28 14:00,22.05,0.515,14.9,58.95,21.85,6.6,23.5,757.2,-1.2,3,16.5,9.75
2023/8/28 17:00,22.55,0.525,20.25,48.05,23.3,6.55,21.7,757.4,0.2,2,17.3,12.15
2023/8/28 20:00,25.6,0.68,26.85,26.8,24.7,6.85,19.7,757.2,-0.2,2,18.2,12.3
2023/8/28 23:00,18.4,0.51,14.35,38.5,16.15,5.9,19.1,755.5,-1.7,2,17.8,10.55
2023/8/29 2:00,19.95,0.51,14.2,27.35,15.65,5.65,19.4,754.1,-1.4,3,18.4,12.35
2023/8/29 5:00,15.9,0.56,9.1,36.7,12.75,5.5,19.1,753.5,-0.6,4,18.1,10
2023/8/29 8:00,13,0.51,14.4,33.05,10.8,5.95,19.6,753.4,-0.1,3,18.1,6.85
2023/8/29 11:00,11.85,0.52,13.25,33.4,10.75,5.75,20.6,753.3,-0.1,3,18.2,6.2
2023/8/29 14:00,14.7,0.5,11.35,44.95,8,5.9,20.8,753.7,0.4,3,18.2,5
2023/8/29 17:00,17.35,0.485,11.15,54.05,8.1,5.75,20.4,754.8,1.1,3,17,5.2
2023/8/29 20:00,21.55,0.46,11.2,67.7,9.25,6,19.8,756.4,1.6,4,15.7,4.95
2023/8/29 23:00,18.55,0.465,14.95,58.45,12.05,6.4,19.2,757.4,1,1,15.5,5.8
2023/8/30 2:00,16.65,0.44,17.05,37.05,15.55,7,19.3,757.9,0.5,2,15.2,6.1
2023/8/30 5:00,15.6,0.44,22.75,24.05,13.1,6.55,16.5,758.9,0.9,1,14.5,6.15
2023/8/30 8:00,18.15,0.515,24.7,32.45,19.6,7.2,20.8,759.4,0.5,2,15.1,6.9
2023/8/30 11:00,20.27777778,0.46,11.66666667,61.15,15.3,6,23.2,759,-0.3,1,16.7,6.55
2023/8/30 14:00,28.5,0.41,8.55,89.5,15.35,6.05,24.9,758.1,-0.35,2,13.5,5.3
2023/8/30 17:00,29.55,0.415,11.1,93.45,12.35,6.55,25,757.7,-0.4,2,14.5,5
2023/8/30 20:00,34.9,0.67,50.5,32.45,26.85,6.7,18,758.3,0.5,0,15.8,13.45
2023/8/30 23:00,60.45,1.045,63.7,5.7,63.55,8.25,16.2,758.4,0.1,0,15.4,34.7
2023/8/31 2:00,52.95,0.84,47.15,4.25,52.65,13,15,758.3,-0.1,1,14.5,30.95
2023/8/31 5:00,43.5,0.79,37.45,3.85,44,17.35,14.4,758.2,-0.1,1,13.9,20.7
2023/8/31 8:00,54.55,1.95,41.7,16.05,62.8,22.7,19.9,758.3,0.1,1,16.7,30.05
2023/8/31 11:00,36.45,1.16,23.1,86,36.75,18.6,25.4,757.9,-0.3,3,16,15.85
2023/8/31 14:00,35.3,0.85,14.4,106.45,31.1,10.35,20.5,758.2,0.2,6,17.5,12.95
2023/8/31 17:00,21.5,0.785,32.75,58.7,19.6,6.3,20.1,757.9,-0.2,1,17.9,10.75
2023/8/31 20:00,40.65,1.06,41.05,29.25,39.6,9,19,758.5,0.5,0,18.2,21.75
2023/8/31 23:00,28.6,0.745,21.95,65.5,26.1,8.2,18.5,758.6,0.2,1,17.2,12.7
2023/9/1 2:00,36.4,1.19,24.5,54,35.35,22.65,16.8,758.6,-0.1,1,16.2,16.7
2023/9/1 5:00,41.1,1.36,26.95,41.65,41.1,24.3,17.3,758.6,0,2,15.8,19.25
2023/9/1 8:00,38.45,1.285,27.7,46.9,38.6,27.35,20.8,759.4,0.9,3,18,18.8
2023/9/1 11:00,43.25,1.02,21.45,79,43.2,12.8,25.8,759.3,-0.1,2,16.6,19.7
2023/9/1 14:00,36.7,0.585,12.8,113.95,27.85,8.55,28.7,758.6,-0.7,3,13.8,11.5
2023/9/1 17:00,34.55,0.48,16.15,102.75,27.4,7.8,28.4,758.4,-0.2,2,15,9.15
2023/9/1 20:00,38,0.655,44.45,66.05,38,8.4,20.1,759.2,0.8,1,17.5,13.65
2023/9/1 23:00,39.55,0.67,27.4,66.4,39.7,10,21.4,760,0.8,2,18,17.1
2023/9/2 2:00,48.8,1.275,32.95,39.8,48.55,28.3,18,759.9,-0.1,1,16.9,26
2023/9/2 5:00,48.2,1.555,36.75,20.2,48.3,26.1,15.4,759.9,0,0,14.8,25.75
2023/9/2 8:00,51.72222222,1.961111111,39.55555556,21.5,54.05,19.72222222,21.9,760.1,0.2,1,17.3,25.95
2023/9/2 11:00,45.83333333,1.61,25.5,100.75,46.4,27.88888889,28,759.7,-0.4,2,17.8,21.4
2023/9/2 14:00,48,0.894444444,12.85,152.1,30.75,15.6,30.9,758.6,-1.1,3,12.8,14.61111111
2023/9/2 17:00,41.65,0.66,12.4,131.1,32.8,9.35,29.9,757.8,-0.8,2,13.6,14.75
2023/9/2 20:00,39.85,0.79,37.9,83.5,38.4,8.85,20.6,758.5,0.7,1,17.2,15.7
2023/9/2 23:00,53.7,1.1,36.7,82.8,59.95,16.35,18.3,759,0.5,1,17.1,22.75
2023/9/3 2:00,55.7,1.43,33.7,64.55,60.65,35.8,16.8,758.8,-0.2,0,16,29.8
2023/9/3 5:00,47.7,1.67,45.5,14.45,48.75,15.8,15.7,758.9,0.1,0,15.1,23.9
2023/9/3 8:00,46.75,1.315,33.75,31.9,47.2,14.05,22.6,758.9,0,1,17.5,20.25
2023/9/3 11:00,37.05,1.15,17.4,94.45,37.05,21.25,28.6,758.5,-0.4,4,11.7,15.9
2023/9/3 14:00,38.65,0.625,11.85,122.05,30.95,11.2,30.1,757.9,-0.6,3,13.4,11.35
2023/9/3 17:00,39.95,0.65,18.5,125.65,33.4,11.45,27.8,758.2,0.3,2,13.7,10.95
2023/9/3 20:00,37.85,0.655,36,87.5,35.6,7.8,21.7,758.9,0.7,1,17.5,13.45
2023/9/3 23:00,44.35,0.67,37.6,69.9,44.85,19.2,20.3,759.1,0.2,0,18.1,18.7
2023/9/4 2:00,48.6,0.835,36.3,39.85,49.2,34.2,19.2,759.4,0.3,0,17.3,23.05
2023/9/4 5:00,51.4,1.425,45.7,6.75,54.05,16,17.7,759.7,0.3,1,16.9,25
2023/9/4 8:00,53.6,1.605,41.15,18.6,56.8,17.2,21.7,760.2,0.5,1,17.7,28
2023/9/4 11:00,48.45,1.125,24.25,86.9,48.75,24.1,27.9,760.3,0.1,2,15.9,21.55
2023/9/4 14:00,63.8,0.905,13.15,162.2,74.7,11.35,28.6,760,-0.3,2,18.7,41.7
2023/9/4 17:00,76.65,0.955,19.1,144.8,81,7,27.9,760,0,2,19.9,53.8
2023/9/4 20:00,72.25,1.03,35.1,83.85,75,7.15,22.4,761,1,1,20.3,50.25
2023/9/4 23:00,74.75,0.985,36.25,51.05,82,7.25,20.4,761.2,0.2,0,19.6,52.55
2023/9/5 2:00,53.65,0.765,25.65,25.95,54.3,6.7,21.1,761.6,0.4,1,19.6,33.8
2023/9/5 5:00,45.15,0.705,23.75,14.85,43.05,7.05,20.4,761.9,0.3,1,18.5,26.6
2023/9/5 8:00,41.1,0.765,18.65,31.6,39.45,6.35,19.7,763.1,1.1,2,18,25.9
2023/9/5 11:00,35.1,0.725,15.9,65.85,34.2,6.2,23.8,763,0,3,18.9,21
2023/9/5 14:00,37.6,0.705,9.2,119.05,26.5,6.3,27.9,761.4,-1.6,1,18.9,16.2
2023/9/5 17:00,34.5,0.61,10.9,109.25,23.9,6.7,28,760.9,-0.5,2,17.5,11.9
2023/9/5 20:00,28.3,0.665,28.9,55.05,28.2,7.75,24,761.4,0.5,2,17,12.4
2023/9/5 23:00,29.55,0.645,34.4,30.6,29.55,8,20.5,761.6,0.2,1,15.3,12.1
2023/9/6 2:00,24.85,0.6,26.5,29.5,24.55,9.45,16.9,761.8,0.2,1,14.7,9.95
2023/9/6 5:00,24.65,0.71,27.9,18.5,24.5,13.3,14.9,761.7,-0.1,1,13.9,9.75
2023/9/6 8:00,33.35,1.28,28.05,25.5,32.75,15.4,20.9,762.7,1,2,15.4,12.5
2023/9/6 11:00,28.35714286,0.542857143,24.05,68.6,28.94444444,10.35,27.9,761.8,-0.9,2,13.4,7.888888889
2023/9/6 14:00,39.5,0.47,11.6,124.85,22.65,7.2,30.1,760.9,-0.9,2,15,8.1
2023/9/6 17:00,40.7,0.495,14.5,129,25.05,7.65,29.9,760.6,-0.3,1,18.4,9.1
2023/9/6 20:00,40.05,0.695,54.9,52.3,36.05,8.2,21,761.5,0.8,0,17.6,15.1
2023/9/6 23:00,51.35,0.805,66.05,10.85,52.7,8.75,18,761.6,0.2,1,16.7,22.15
2023/9/7 2:00,51.6,1.215,39.5,5.05,55.55,13.3,16.6,761.5,-0.1,1,15.6,22.1
2023/9/7 5:00,43.55,1.125,26.95,7.9,44.75,12,15.1,761.7,0.2,1,14.5,19.9
2023/9/7 8:00,49,1.38,31.85,20.85,49.9,16.7,21.8,762.1,0.3,1,16.5,20.3
2023/9/7 11:00,43.15,0.97,22.4,81.75,43.15,19.25,30.1,761.3,-0.7,4,18.2,15.8
2023/9/7 14:00,46.5,0.725,11.85,147.15,36.35,11.35,31.9,759.8,-1.5,4,17,14.75
2023/9/7 17:00,50.95,0.755,15,155.05,42.75,12.15,30.3,758.9,-0.9,3,17,16.2
2023/9/7 20:00,38.75,0.685,26,108,37.65,8.6,24.4,759.7,0.8,1,17.4,17.45
2023/9/7 23:00,48.1,1.175,22.7,118.6,48.65,19.9,23,759.9,0.3,1,17.9,22.3
2023/9/8 2:00,45.25,0.765,19.4,60.75,46.55,24.55,20.4,759.6,-0.3,1,18.2,21.25
2023/9/8 5:00,39.9,0.785,19.15,63.25,39.3,27.45,18.8,759.9,0.2,1,17.6,19.35
2023/9/8 8:00,41.85,0.835,26.45,66.85,41.85,23.95,24.8,760.5,0.6,3,18,20
2023/9/8 11:00,42.75,0.88,16.45,102.5,42.65,11.4,27,760,-0.5,4,19.4,22.45
2023/9/8 14:00,59,0.805,15.65,120.05,63.3,7.65,27.3,759.4,-0.6,2,21.1,36.55
2023/9/8 17:00,58.8,0.76,22.4,103.95,67.3,6.55,27,759,-0.4,1,21.5,34.3
2023/9/8 20:00,61.7,0.845,30.05,59.15,71.8,6.4,23.5,759.4,0.4,0,22.5,37.6
2023/9/8 23:00,60.85,0.845,38,35,70.35,6.2,22.9,759.3,-0.1,0,22.2,38.6
2023/9/9 2:00,64.45,0.89,33.2,17.85,73.4,5.95,22.7,759,-0.3,1,22.2,41.35
2023/9/9 5:00,54,0.79,27.35,19.35,58.5,6.95,21.8,758.9,-0.1,1,21.3,29.7
2023/9/9 8:00,47.7,0.73,26.2,12.4,50.85,7.55,21.4,760.1,1.2,1,19,21.5
2023/9/9 11:00,54.5,0.75,36.5,23.3,59.1,9.3,25,759.7,-0.4,1,18.7,24.5
2023/9/9 14:00,36.9,0.55,22.7,53.2,37.5,8.75,25.4,758.9,-0.8,3,17.1,15.15
2023/9/9 17:00,34.4,0.52,25.7,60.4,34.4,8.05,24.3,758.9,0,1,18,12.3
2023/9/9 20:00,41.35,0.675,41.75,32.35,43.45,7.45,20.3,759.2,0.3,0,18.6,14.8
2023/9/9 23:00,37.35,0.645,44.3,25.75,37.35,7.9,19.6,759,-0.2,1,18.8,16.1
2023/9/10 2:00,38.25,0.65,40.2,18.45,39.1,8.55,19.3,758.5,-0.5,0,18.6,14.15
2023/9/10 5:00,49.95,0.685,40.2,4,54.5,16.25,18.5,758.2,-0.3,0,17.9,20.2
2023/9/10 8:00,57.8,0.8,43.9,7.95,66.7,19.9,20.8,758.5,0.3,2,18.4,28.7
2023/9/10 11:00,45.35,0.565,25.7,81.05,47.15,20,26.1,757.8,-0.7,2,15.8,18.1
2023/9/10 14:00,45.65,0.455,14.35,134.6,35.25,13.5,28.8,756.5,-1.3,2,13.1,11.9
2023/9/10 17:00,44.35,0.435,15.4,136.1,33.05,10.75,28.1,756.1,-0.4,1,11.6,10.45
2023/9/10 20:00,44.2,0.83,45.25,59.05,46.65,39.2,20.1,756.6,0.5,0,15.7,14.45
2023/9/10 23:00,47.5,0.975,45.75,28.2,50.05,55.6,17.5,756.1,-0.5,0,15.7,17.75
2023/9/11 2:00,44.6,1.365,43.85,25.4,46.6,45.7,17.8,755.5,-0.6,0,16,16.75
2023/9/11 5:00,47.55,1.31,36.35,34.5,48.3,39.25,16.9,755.2,-0.3,0,15.8,21
2023/9/11 8:00,51.6,1.345,39.85,47.8,54.5,34.75,22.6,755.7,0.5,2,16.2,25.4
2023/9/11 11:00,52,0.945,18.1,119.4,52.75,13.3,26.8,755.1,-0.6,4,18.4,25.9
2023/9/11 14:00,47.25,0.78,12.25,134.15,45.9,8.2,27.4,754.8,-0.3,5,19.5,22.2
2023/9/11 17:00,35.05,0.625,16.9,93.45,33.35,6.8,23.7,756.1,1.3,4,17.7,16.4
2023/9/11 20:00,30.2,0.5,30.75,49.65,29.8,6.8,21.7,758.6,2.5,2,11.4,9.8
2023/9/11 23:00,26.85,0.405,24.65,45,26.75,7.55,16.7,760,1.4,1,11.6,7.75
2023/9/12 2:00,28.1,0.44,40,19.05,27.35,9.25,15,760.2,0.2,0,13.5,6.5
2023/9/12 5:00,29.7,0.525,38.6,11.15,39.85,9.4,13.2,761.1,0.8,0,12.6,7.1
2023/9/12 8:00,36.95,0.495,34.8,22,41.3,11.1,19.5,761.9,0.8,1,11,6.05
2023/9/12 11:00,25.1,0.335,18.3,64.6,22.55,7.75,24.1,762,0.1,3,5.5,4.8
2023/9/12 14:00,26.3,0.3,8.7,79.85,16.6,6.5,25.3,761,-1,2,3.3,5.75
2023/9/12 17:00,24.95,0.345,13,78.65,14.45,6.7,24,760.5,-0.5,3,4.4,3.5
2023/9/12 20:00,22.85,0.455,42.85,34.8,19,7.85,16.2,762,-0.4,1,7.7,3.75
2023/9/12 23:00,29.95,0.51,52.85,15.65,26.9,9.65,12,762.1,-0.3,0,9.6,4.65
2023/9/13 2:00,39.25,0.85,39.3,14.45,37.25,10.5,12,761.8,-0.2,2,9,7.55
2023/9/13 5:00,34.15,1.22,34.75,7.65,35.5,11.2,10.4,761.7,-0.2,1,9.2,10.65
2023/9/13 8:00,46.5,1.18,35.1,18.55,40.55,15,17.3,762.1,0.4,2,11.3,21.65
2023/9/13 11:00,47,0.561111111,28.9,61.5,32.45,11.8,23.3,761.5,-0.5,3,8.6,16.55
2023/9/13 14:00,38,0.405,12.35,102.45,21.6,8.15,25.7,759.8,-1.8,2,8.7,14.4
2023/9/13 17:00,40.2,0.37,14.25,102.55,22.55,8.05,24.4,759.4,-0.4,1,9.9,15.7
2023/9/13 20:00,34.35,0.6,58.15,39.5,29.55,8.75,16,760.4,1,1,11.8,8.1
2023/9/13 23:00,44.85,0.79,68.65,7.75,46.3,12.55,13,760.8,0.4,0,11.6,14.8
2023/9/14 2:00,46.35,1.34,47.1,8.75,49.8,17.55,11.4,760.8,0,1,10.3,19.35
2023/9/14 5:00,38.6,1.035,32.9,12.55,39.05,14.6,9.9,760.7,-0.1,1,9.1,17.25
2023/9/14 8:00,46.7,1.305,36.4,19.05,47.75,17.95,16.7,761.6,0.9,1,11.4,20.55
2023/9/14 11:00,46.75,1.065,38.5,77.7,51.9,18.75,24.9,761.5,0.466666667,2,11.8,21.45
2023/9/14 14:00,40.55,0.69,21.75,127.1,32.6,11.85,28.6,760.4,0.033333333,1,10.8,13.5
2023/9/14 17:00,44.5,0.68,22.5,136.7,35.15,13.25,25.9,760,-0.4,0,15,12.6
2023/9/14 20:00,55.75,1.15,97.8,33.65,52.05,15.7,17.8,760.9,1,0,14.7,22.5
2023/9/14 23:00,61.25,1.02,81.55,27.55,69.65,16.55,15.1,761.3,0.3,0,13.6,31.95
2023/9/15 2:00,58.55,1.04,70.6,7.65,65.3,24.2,13.6,761.1,-0.1,0,12.7,30.6
2023/9/15 5:00,50.95,1.185,48.85,9.5,52.3,15.85,12.6,760.7,-0.5,1,12,24.05
2023/9/15 8:00,52.2,1.435,47.05,23.55,55.2,17.55,19.2,760.5,-0.2,0,15.1,22.95
2023/9/15 11:00,39.4,0.715,15.55,113.45,38.95,18.15,27.1,759.8,-0.6,4,13.5,16.8
2023/9/15 14:00,51.35,0.755,14.4,156.35,41.7,12,29.2,758.3,-1.5,4,12.2,15.7
2023/9/15 17:00,48.9,0.73,20.35,148.9,43.6,13.3,28.1,757.9,-0.4,3,13.2,15.05
2023/9/15 20:00,45.8,0.69,35.1,105.6,47.15,10.25,20.6,759.1,1.1,0,15.6,19.6
2023/9/15 23:00,50.27777778,0.822222222,26.72222222,96.16666667,52.38888889,13.61111111,20.4,759.7,0.7,1,16.6,26.66666667
2023/9/16 2:00,44.33333333,0.766666667,25.05555556,46.72222222,46,35.55555556,16.5,759.9,0.2,0,15.7,20.61111111
2023/9/16 5:00,33.61111111,0.844444444,30.83333333,32.83333333,32.61111111,14.11111111,15.6,759.9,0,0,15.1,17.33333333
2023/9/16 8:00,41.6,0.885,32.45,29.15,42.35,12,21.1,760.8,0.8,1,17.5,19.6
2023/9/16 11:00,36.3,0.76,17,94.45,36.25,13.2,26.6,760,-0.7,1,16.8,15.55
2023/9/16 14:00,51.7,0.865,13.2,157.65,37.3,19.65,28.7,758.9,-1.1,2,15.9,17.9
2023/9/16 17:00,61.7,0.8,17.9,168.2,44.25,14.65,27.8,758.2,-0.7,2,16.4,19.5
2023/9/16 20:00,64.65,1.255,88.25,53,75.25,10.35,20.4,759.1,0.9,1,17.8,36
2023/9/16 23:00,78.4,1.28,98,10.15,87.35,9.45,18.4,758.8,-0.3,0,17.4,51.8
2023/9/17 2:00,72.5,1.085,75.05,6.95,88.55,12.2,16.8,758,-0.8,0,16.2,46.7
2023/9/17 5:00,70.75,1.135,58.7,10.5,87.05,22.9,15.8,758.3,0.3,0,15.3,42.55
2023/9/17 8:00,76.4,1.485,53.25,23.05,98.4,34.5,19.4,758.5,0.2,1,17.9,49.7
2023/9/17 11:00,57.45,1.06,22.25,113.6,64.5,19.3,26.1,757.7,-0.8,2,19.3,35.95
2023/9/17 14:00,71.45,1.12,16.3,175.55,64.75,10.95,28,755.8,-1.9,2,19,36.7
2023/9/17 17:00,67.65,0.92,17.2,173.1,62,9.15,27,755.8,0,3,17.5,33.55
2023/9/17 20:00,55.95,0.895,25.45,141.95,61.35,9.9,23.4,756.6,0.8,1,17.6,35.4
2023/9/17 23:00,60,1.005,34.75,98.4,67.1,24.85,18.5,756.6,0,1,17.2,38.7
2023/9/18 2:00,57.6,1.05,25.5,85.4,64.9,36,16.3,756.2,-0.4,1,15.7,35.9
2023/9/18 5:00,49.2,1.415,25.95,66.15,52.75,22.05,19,756.4,0.2,2,17.7,27.1
2023/9/18 8:00,37.25,0.84,30.85,56.2,36.95,24.05,21.6,757.4,1,2,17.4,20.05
2023/9/18 11:00,41.5,0.815,15.25,131,30,11.5,26.5,757,-0.4,5,17.3,14
2023/9/18 14:00,51.45,0.79,13.6,158.4,44.4,12.25,28.1,756.1,-0.9,4,17.3,16.65
2023/9/18 17:00,55.4,0.765,15.85,162.9,42.55,10.45,27.1,755.6,-0.5,4,16.4,19.1
2023/9/18 20:00,43.35,0.58,17.15,110,42.65,7.7,21,756.3,0.7,5,12.9,14.9
2023/9/18 23:00,27.2,0.47,17.15,74.9,25.6,6.9,16,758.8,2.5,1,15.2,11.55
2023/9/19 2:00,29,0.51,22.1,44.3,27.35,12,14.9,759.7,0.9,2,14.3,13.15
2023/9/19 5:00,32.95,0.53,33.15,18,32.9,11.3,13.9,760.2,0.4,1,13.4,14.1
2023/9/19 8:00,25.35,0.56,29.7,26.1,24.85,8.9,18.4,761.5,1.3,2,11.2,8.5
2023/9/19 11:00,20.75,0.4,12.3,62.15,13.55,7.65,22.2,761.6,0.1,3,8.7,4.65
2023/9/19 14:00,24.35,0.37,9.95,76,11.6,7.1,22.8,761.6,0,3,8.5,3.55
2023/9/19 17:00,22.1,0.395,13.35,69.15,13.3,7.1,21.2,761.9,0.3,2,9.8,3.15
2023/9/19 20:00,20.05,0.505,37.5,33,16.85,7.75,16.4,763.3,1.4,1,11.3,4.05
2023/9/19 23:00,22.2,0.495,34.75,25.1,20.8,7.8,14.9,763.7,0.983333333,1,12.2,4.7
2023/9/20 2:00,19.75,0.51,35.8,15.55,17.6,8.4,12.7,763.7,0.566666667,1,11.8,5.6
2023/9/20 5:00,21.6,0.495,30.6,13.4,19.4,8.35,12.2,763.9,0.15,0,10.9,8.25
2023/9/20 8:00,21,0.61,23.95,24.45,19.35,9.35,17.3,764.5,-0.266666667,3,11.1,7.65
2023/9/20 11:00,21.61111111,0.438888889,11.44444444,66.35,14.3,8.35,21.5,763.6,-0.683333333,4,8.4,4.4
2023/9/20 14:00,25.15,0.345,9.25,78.8,13.3,7.2,23.4,762.4,-1.1,4,2.8,3.5
2023/9/20 17:00,23.7,0.395,13.85,74.8,12.2,7.4,21.6,761.7,-1.07037037,2,5.1,3.3
2023/9/20 20:00,22.7,0.54,36.9,42.9,19.15,8.35,17.3,762.5,-1.040740741,1,7.4,5.1
2023/9/20 23:00,27.5,0.56,47.35,22,21.55,8.85,11.7,762.7,-1.011111111,0,8.9,6.9
2023/9/21 2:00,32.6,0.65,51.7,5.85,30.6,10,9.5,762.5,-0.981481481,1,8.3,9.8
2023/9/21 5:00,40.85,1.24,36.85,4.25,41.15,13.45,8.8,762.1,-0.951851852,1,7.9,16.5
2023/9/21 8:00,43,1.545,35.05,14.5,47.8,17.6,14.4,762.4,-0.922222222,1,9,20.5
2023/9/21 11:00,39.6,0.97,32.25,59.7,40.5,12.65,22,761.8,-0.892592593,3,7.8,15.6
2023/9/21 14:00,29.55,0.55,15.75,93.35,22.75,12.2,24.6,760.1,-0.862962963,3,7.7,10.2
2023/9/21 17:00,35.2,0.625,20.65,111.25,28.15,11.5,23.7,759.7,-0.833333333,2,7.3,11.35
2023/9/21 20:00,39.4,0.705,50.5,75.9,38.8,15.5,14.9,760.4,-0.803703704,1,11.1,16.85
2023/9/21 23:00,51.15,0.99,38.05,76.2,53.35,17.5,15,760.6,-0.774074074,2,11,26
2023/9/22 2:00,50.7,1.385,38,57,52.85,33.65,14.3,760.3,-0.744444444,1,11.1,25.65
2023/9/22 5:00,45.55,1.605,38.55,56.5,45.8,25.45,12.7,760.3,-0.714814815,1,10.8,25.6
2023/9/22 8:00,54.2,1.695,54.9,37.45,60.65,20.9,16,761.4,-0.685185185,2,13.8,32
2023/9/22 11:00,50.8,1.1,42.7,31.9,49.7,8.3,17.9,763,-0.655555556,2,15.3,32.75
2023/9/22 14:00,31.55,0.625,20.55,53.3,26.55,8.5,19.7,762.4,-0.625925926,0,13.6,17.8
2023/9/22 17:00,22.05,0.515,22.8,40.65,20.1,7.4,17.7,763.9,-0.596296296,2,12.4,12
2023/9/22 20:00,33.4,0.63,38.9,14.35,33.4,7.7,14.2,765.4,-0.566666667,1,12.6,19.5
2023/9/22 23:00,41.5,0.745,44.55,6.45,41.35,8.9,12.2,767.1,-0.537037037,1,11.6,21.4
2023/9/23 2:00,34.35,0.57,32.7,15.45,34.05,8.6,13.3,767.2,-0.507407407,2,10.7,16.2
2023/9/23 5:00,37.7,0.685,30.5,5.25,38.3,7.65,11.2,768,-0.477777778,2,10.7,18.1
2023/9/23 8:00,41.8,0.99,26.05,12.35,43.1,11.75,12.6,769.1,-0.448148148,2,11.2,21.1
2023/9/23 11:00,33.6,0.76,25.55,47.55,33.3,10.9,19.8,768.6,-0.418518519,2,10.8,14.6
2023/9/23 14:00,27.75,0.45,14.1,85.65,17.3,7.55,23.5,767,-0.388888889,0,2.4,8.65
2023/9/23 17:00,27.75,0.485,23.75,82.8,22.4,8.3,21.8,766.1,-0.359259259,1,7.2,8.15
2023/9/23 20:00,31.1,0.61,48.85,39.45,27.8,8.6,13.9,766.8,-0.32962963,0,8.3,11.45
2023/9/23 23:00,45.95,0.85,64.85,5.35,47.45,9.9,10.1,766.5,-0.3,0,8.7,18
2023/9/24 2:00,42.3,1.045,41.45,7.35,43.05,12.1,10.4,766,-0.31,2,9.2,18.65
2023/9/24 5:00,39.95,1.17,35.9,6.35,39.8,13.35,9.7,766.3,-0.32,1,8.6,21.3
2023/9/24 8:00,41.1,1.31,32.95,17.8,41.1,15.65,15.6,766.1,-0.33,1,11.8,19.6
2023/9/24 11:00,35.05,0.92,22.1,69.05,35.05,17.3,23.2,764.4,-0.34,2,14.5,16.6
2023/9/24 14:00,34.8,0.57,11.45,105.9,30.7,10.05,24.3,763.6,-0.35,4,13.5,16.75
2023/9/24 17:00,32.3,0.57,25.9,69.8,32.1,12.55,21.6,762.8,-0.36,1,15.2,16.5
2023/9/24 20:00,42.65,0.71,28.55,46.7,42.7,11.85,18.3,763.9,-0.37,1,17,22.85
2023/9/24 23:00,24.15,0.55,18.85,57.85,19.1,10.05,16.8,763.4,-0.38,1,15.3,14.95
2023/9/25 2:00,28.6,0.61,29.3,28,22.35,12.75,15.9,762.6,-0.39,0,15.3,17.35
2023/9/25 5:00,39.6,0.815,32.45,13.45,34.6,11.8,16.3,762.2,-0.4,1,15.8,24.6
2023/9/25 8:00,29.65,0.955,36.2,19.3,27.5,14.7,17,762.6,-0.283333333,1,16.4,18.55
2023/9/25 11:00,32,0.86,27.75,37,30.3,20.75,21,761.9,-0.166666667,2,16.6,19.85
2023/9/25 14:00,23.2,0.595,19.4,65,21.8,11.25,20.6,761.3,-0.05,1,16,12.95
2023/9/25 17:00,22.95,0.545,23.2,59.85,22,16.8,19.9,761.2,0.066666667,0,15.5,11.3
2023/9/25 20:00,34.4,0.82,44.65,25.85,34.1,26.9,16.3,761.5,0.183333333,0,15,17.95
2023/9/25 23:00,37.55,1.005,49.85,8.35,38.15,12.2,14,761.8,0.3,0,13.4,17.45
2023/9/26 2:00,39.2,1.095,42.15,9.6,39.25,28.75,12.6,761.5,0.3,0,12.1,19.85
2023/9/26 5:00,41.7,0.83,36.85,3.5,44.7,10.25,11.9,761.4,0.3,1,11.6,19.9
2023/9/26 8:00,41.55,1.015,36.05,10.75,42.75,12.55,16.3,761.7,0.3,1,15,19.8
2023/9/26 11:00,28.55,0.91,26.75,61.55,28.55,19.85,23.5,760.6,0.3,2,16.1,14.25
2023/9/26 14:00,31,0.85,15.85,98.2,22.8,12.25,23.65,760.1,0.3,2,16.45,12.35
2023/9/26 17:00,30.05,0.815,21,94.55,22.85,9.4,23.8,759.6,0.3,2,16.8,11.8
2023/9/26 20:00,40.5,1.085,56.8,33.75,40.15,11.75,17.4,759.5,0.3,0,16.4,20.65
2023/9/26 23:00,47.6,1.03,51.75,26.25,49.1,11.05,15.9,759.7,0.3,1,15.4,25.95
2023/9/27 2:00,46.65,1.06,35.6,30.3,49.2,17.05,16.4,759.3,-0.4,1,15.9,24.95
2023/9/27 5:00,53.4,1.445,38.45,15.15,56.5,26.5,17,759.3,0,0,16.7,30.8
2023/9/27 8:00,54.85,1.56,37.25,30.45,57,25.45,19.9,759.1,-0.3,3,17.5,32.85
2023/9/27 11:00,68.5,1.35,20.45,94.5,76.83333333,9,22.7,758.3,-0.8,3,17,47
2023/9/27 14:00,61.6,1.155,19.35,121.35,69,8.25,24.3,757.3,-0.9,3,15,40.1
2023/9/27 17:00,53.15,0.955,34.45,92,57.8,8,22.3,757.3,0,1,14.9,25.7
2023/9/27 20:00,67.45,1.41,93.2,16.95,85.5,9.3,16.8,758.8,1.4,0,14.8,37.5
2023/9/27 23:00,53.4,0.865,65.95,17.85,59.65,8.3,13.6,759.7,1,1,9.8,23.45
2023/9/28 2:00,37.3,0.55,48.4,19.45,40.65,7.05,10.6,760.4,0.6,1,8.9,11.9
2023/9/28 5:00,39.5,0.61,46.75,6.95,42.15,8.05,8.8,761.2,0.8,0,8.2,13.8
2023/9/28 8:00,47.1,0.82,39.95,13.55,51.5,12.65,15.2,762.3,1,1,11.4,15.4
2023/9/28 11:00,28,0.48,29.25,53.2,32.6,7.6,22,762,-0.2,2,6.3,7.1
2023/9/28 14:00,28,0.41,13.1,87.3,15.6,6.6,23.7,760.9,-1,4,4.6,4.8
2023/9/28 17:00,26.35,0.41,18.65,81.8,15.6,6.25,22.6,761.1,0,1,9.1,4.55
2023/9/28 20:00,42.4,0.925,74,12.75,38.5,7.4,13.4,761.7,0.6,0,9.6,10.25
2023/9/28 23:00,63.15,0.99,71.8,5.05,75.9,15.9,10.6,762,0.3,1,8.9,22.65
2023/9/29 2:00,55.65,0.905,56.5,12.1,64.05,40.35,9.2,761.8,-0.2,1,8.3,21.8
2023/9/29 5:00,50.9,1.375,54.25,4.1,54.2,21,8.6,761.6,-0.15,1,8,21.45
2023/9/29 8:00,51.65,1.865,47.3,15.7,54.2,20.55,14.8,761.5,-0.1,1,10.4,21.85
2023/9/29 11:00,38.35,1.085,27.05,70.25,38.3,25.25,23.6,759.8,-1.7,3,6.4,14.2
2023/9/29 14:00,58.2,0.905,18.45,124.2,66.1,13.1,25.9,757.6,-2.2,5,6.5,22.05
2023/9/29 17:00,51.1,0.66,18.8,125.45,53.2,11.05,23.4,756.7,-0.8,4,7.9,15.9
2023/9/29 20:00,47.75,0.855,21.2,103.65,48.65,13.7,20.4,756.2,-0.6,2,9.3,16.15
2023/9/29 23:00,34.9,0.65,26.95,55.65,34.7,6,13.1,758.1,1.9,0,12.5,15.6
2023/9/30 2:00,44.15,0.605,35.75,18.2,45.35,14.35,11.4,758.3,0.2,1,10.9,17.35
2023/9/30 5:00,43.25,0.525,29.9,16.3,43.25,7,10,758.5,0.2,1,9.5,14.95
2023/9/30 8:00,31.75,0.49,25.05,28.4,31.75,7.05,13.8,759.6,1.1,2,7.3,10.9
2023/9/30 11:00,25.5,0.435,14.85,59.35,24.5,7.2,18.2,759.7,0.1,2,6.4,8.55
2023/9/30 14:00,25.6,0.355,9.25,79.85,15.4,6,20.6,759,-0.7,3,6.9,6.75
2023/9/30 17:00,23.35,0.37,16.15,71,18.65,5.9,17.8,759.2,0.2,0,9.4,6.25
2023/9/30 20:00,36.75,0.635,57.4,18.7,36.75,7.6,11.8,759.8,0.6,1,9.5,12.25
2023/9/30 23:00,47.05,0.635,52.65,16.2,49.1,14.75,9.7,760.2,0.3,1,8.8,19.3
2023/10/1 2:00,46.9,0.745,43.35,13.9,48.25,12,10.7,760.3,0.2,1,7.9,22.8
2023/10/1 5:00,37.1,0.625,29.1,17.8,38.1,7.5,7.1,761.2,0.9,1,6.4,17.25
2023/10/1 8:00,23.55,0.495,25.9,26.15,22.35,7.05,13.5,762.3,1,2,5.9,11.25
2023/10/1 11:00,20.1,0.41,17.45,55.3,19.3,6.75,19.8,762.4,0.1,3,2.6,8.95
2023/10/1 14:00,24.6,0.345,10.1,76.6,14.15,6.65,22.3,761.5,-0.8,4,4.4,6.5
2023/10/1 17:00,22.2,0.375,16,69.7,14.3,6.15,21.5,761.2,-0.3,2,3.2,5.9
2023/10/1 20:00,39.8,0.75,56.7,12.05,38.75,7.55,11.7,761.9,0.7,0,7.8,15.7
2023/10/1 23:00,54.25,0.69,54.2,11.5,60.35,12.35,9.4,762.7,0.8,1,7.5,24.8
2023/10/2 2:00,50.15,0.98,42.05,20.75,53.75,30.45,8,762.6,-0.2,0,7.2,25.4
2023/10/2 5:00,53.8,1.22,39.85,10.05,57.45,35.45,7,762.6,0,0,6.6,28.2
2023/10/2 8:00,51.15,1.575,39.2,14.35,53.25,24.2,13.9,763.6,1.1,1,8.9,26.05
2023/10/2 11:00,41.95,1.13,24.75,63,42.4,20.5,22.5,763,-0.6,2,12.2,20
2023/10/2 14:00,33.75,0.57,11.85,104.7,30.15,9.8,25.6,761.2,-1.7,3,5.8,14.05
2023/10/2 17:00,34,0.47,15.7,103.6,28.7,8.65,23,761.1,-0.3,3,6.3,10.75
2023/10/2 20:00,43.25,0.85,27.3,98.85,44,15.15,16.7,761.6,0.6,0,12,17.5
2023/10/2 23:00,55.4,0.95,32.45,83.3,60.5,39.1,13.8,761.3,-0.3,0,10,24.85
2023/10/3 2:00,44.6,0.965,24.1,85.25,44.9,26.55,12.4,760.9,-0.4,0,9.4,19.1
2023/10/3 5:00,42.9,0.885,19.6,96.8,42.2,25.6,12.2,760.7,-0.2,1,8.9,18.55
2023/10/3 8:00,46.7,0.755,25.8,94.1,45.6,24.85,19.5,760.7,0,3,7.3,17.65
2023/10/3 11:00,53.05,0.71,14.95,135.1,56.4,13.1,24.7,760,-0.7,6,10.9,15.75
2023/10/3 14:00,49.55,0.545,11.35,140.2,49.75,9.55,25.5,758.5,-1.4,8,8.1,13.3
2023/10/3 17:00,46.75,0.535,13.8,139.55,46,8.2,23.2,758.5,0.4,5,8.5,14.45
2023/10/3 20:00,48.05,0.615,17.35,123,49.45,9,20.7,760.7,2.2,6,11.3,17.25
2023/10/3 23:00,46.5,0.705,21.6,105.15,47.7,11.05,15.2,760.1,-0.6,1,13.4,21
2023/10/4 2:00,45.05,0.68,16.55,75.85,46.8,10.4,17.9,760.4,0.4,4,9,22.2
2023/10/4 5:00,23.7,0.395,11.35,50.15,20.75,7.15,13.3,762,1.5,2,5.9,9.55
2023/10/4 8:00,21.85,0.395,14.2,52.9,17.75,7.6,14.9,763.2,1.2,3,-0.4,9.95
2023/10/4 11:00,22.5,0.38,9.8,66.5,18.55,7.25,16.7,763.1,-0.1,3,-1.4,8.15
2023/10/4 14:00,24.2,0.355,7.8,75.95,18.3,6.55,18.1,762.5,-0.6,4,-2.2,5.75
2023/10/4 17:00,26.4,0.355,12.35,70.05,25.1,6.45,16.6,763,0.4,2,-4,5.4
2023/10/4 20:00,62.3,0.405,14.55,59.4,76.45,6.3,13.6,765.1,2.2,3,-6,6.5
2023/10/4 23:00,49.95,0.42,18.2,45.35,52.65,6.8,11.7,766.6,1.4,2,-4.4,6.95
2023/10/5 2:00,37.65,0.37,18.65,38.05,37.65,7.25,9.2,767.2,0.5,1,-0.7,6.05
2023/10/5 5:00,35.95,0.445,28.35,22.1,35.95,8.05,3.8,767.2,0.1,1,0.8,7.3
2023/10/5 8:00,34.7,0.45,26.7,27.25,32.15,9.35,9.6,767.7,0.5,2,-2,9.35
2023/10/5 11:00,25.8,0.405,17.25,50.65,25.65,8.9,14.3,767.2,-0.5,2,-3.5,6.25
2023/10/5 14:00,23.3,0.39,9.85,71.4,18.85,6.95,16.9,765.7,-1.5,2,-3.2,6.3
2023/10/5 17:00,22.8,0.39,18,66,19.5,7,15.8,765.2,-0.5,1,-0.4,6.35
2023/10/5 20:00,47.45,0.61,51.35,20.45,49.65,22.2,8,765.4,0.1,0,2.7,17
2023/10/5 23:00,61,0.665,50.85,17.15,71.2,34.95,6.5,765.5,0.2,1,2.9,29.05
2023/10/6 2:00,56.9,1.01,45.35,18.85,64.7,64,4.3,765.5,0,0,2.8,30.1
2023/10/6 5:00,54.5,1.25,40.2,12.4,58.35,24.95,3.3,765.7,0.1,0,2.4,28.05
2023/10/6 8:00,58.1,1.53,39.1,10.7,69,19.4,9.7,766.6,0.9,0,4.7,33.7
2023/10/6 11:00,60.15,1.075,42.1,39.35,68.15,22.65,18.2,766.3,-0.2,1,4.7,33.15
2023/10/6 14:00,35.8,0.425,13.8,84.75,36.5,7.85,21.7,765.4,-1,2,2.4,14.75
2023/10/6 17:00,28.3,0.415,17.65,81.75,24.6,7.85,19.2,765.4,0.1,1,2.1,12.1
2023/10/6 20:00,43.7,0.585,44.15,39.15,44.2,8.2,13.6,766.6,1.1,1,3.9,20.95
2023/10/6 23:00,48.2,0.585,44.5,29.6,51.45,14.65,8.9,767.2,0.7,1,5.5,24.95
2023/10/7 2:00,56.3,0.72,50.35,11.1,62.05,12.4,7.2,767.2,0,1,5.3,33.05
2023/10/7 5:00,57.9,1.02,37.2,7.2,65.35,13.25,6.3,767.8,0.6,1,5.6,36.75
2023/10/7 8:00,55.95,1.07,32.75,15.2,60.65,13,11.1,768.9,1.1,1,6.8,34.9
2023/10/7 11:00,52.95,1.03,34.7,47.4,56.85,14.85,19.3,768,-0.9,2,5,28.1
2023/10/7 14:00,33.7,0.595,18.6,97.4,30.85,9.7,21.7,766.2,-1.8,1,3.4,17.3
2023/10/7 17:00,35.25,0.655,28.9,91,35.15,9.9,17.5,766,-0.3,1,6.4,16
2023/10/7 20:00,50.85,0.92,83.25,20.45,54.5,10.75,10.4,766.7,0.8,0,5.6,26.05
2023/10/7 23:00,72.95,1.11,72.2,9.25,90.1,17.9,8.2,767.2,0.5,1,6.3,49.2
2023/10/8 2:00,67.1,1.24,60.75,5.4,77.05,15.6,7,767.2,0,0,5.8,46.55
2023/10/8 5:00,59.65,1.16,45.5,14.3,65.25,17.15,7.8,767.2,-0.1,1,5.4,39.75
2023/10/8 8:00,62.65,1.6,44.2,17.4,71.25,19.65,12.1,767.5,0.3,2,7.4,43.35
2023/10/8 11:00,43.85,1.06,27,70.4,45.05,16.55,21.1,766.4,-0.9,3,8,23.65
2023/10/8 14:00,34.25,0.51,12.5,104.7,30.85,12.85,22,764.9,-1.5,2,7,16.95
2023/10/8 17:00,33.1,0.58,26.85,80.4,32.7,11,18.4,764.8,-0.2,1,10,17.2
2023/10/8 20:00,50.05,0.685,33.25,56.55,51.85,9,17,765.9,1.1,3,11.5,26.95
2023/10/8 23:00,28.35,0.575,22.45,51.85,24.1,7,14.6,766.2,0.3,3,12.1,17.8
2023/10/9 2:00,29.15,0.56,22.9,47.15,22.7,7.05,12.7,765.4,-0.7,0,12.1,19.35
2023/10/9 5:00,34.65,0.6,25.25,30.9,29.6,6.75,12.5,765.4,0,1,12,23.05
2023/10/9 8:00,29.55,0.825,33.8,38.8,25.25,7.55,12.9,766,0.5,1,12.4,19.15
2023/10/9 11:00,29.1,0.95,29.3,65.75,25.35,9.85,16.8,766,0.1,2,11.3,18.15
2023/10/9 14:00,32.85,0.83,24.15,72.7,29.3,7.5,16.4,765.8,-0.2,3,11.1,21.25
2023/10/9 17:00,37.125,0.8125,31.5,51.75,32.625,7.25,15.1,766.5,0.6,2,10.9,24.175
2023/10/9 20:00,41.4,0.795,38.85,30.8,35.95,7,13,767.8,1.3,1,11.4,27.1
2023/10/9 23:00,44.25,0.71,41.8,15.55,38.4,7.05,10.6,768.4,0.6,1,9.8,29.75
2023/10/10 2:00,42.25,0.73,43.15,4.65,41.7,7.3,7.2,768.8,0.4,0,6.6,27.7
2023/10/10 5:00,37.2,0.905,33.95,3.95,31.9,7.4,8.6,769.4,0.6,1,8.3,23
2023/10/10 8:00,33.75,1.345,36.25,7.35,34.05,7.1,9.5,770.2,0.7,1,9.2,22.3
2023/10/10 11:00,56.8,1.475,44.3,29.25,61.15,7.15,11.8,769.8,-0.3,1,11.3,39.35
2023/10/10 14:00,52.3,1.02,42.1,90.6,53.8,8.65,19.8,768.3,-1.5,1,8.2,34.7
2023/10/10 17:00,47.55,0.865,49.1,89.5,48.75,8.35,16.5,768.1,-0.3,0,10.6,28.1
2023/10/10 20:00,65.35,1.495,106.9,10.9,72.8,8.75,10.7,768.5,0.5,1,9.3,42.85
2023/10/10 23:00,87.9,1.86,83.6,5.15,114.6,9.8,8.3,768.9,0.4,0,7.7,62.75
2023/10/11 2:00,71.8,1.26,52.8,4.35,88.65,10.35,7.1,769.3,0.4,1,6.7,48.55
2023/10/11 5:00,54.05,1.32,36.6,4.7,60.85,10.55,6,769.6,0.3,1,5.6,33.65
2023/10/11 8:00,54.9,1.465,37.05,9.2,59,12.45,9.6,770.5,0.8,1,8.2,34.45
2023/10/11 11:00,67.94444444,1.522222222,53.4,45.3,79.7,17.45,19.1,769.9,-0.5,1,8.7,47.25
2023/10/11 14:00,54.8,0.84,31.4,113.95,54.8,17.65,22.5,768.6,-1.3,1,7.1,34.7
2023/10/11 17:00,44.65,0.86,43.7,89.95,44.5,16.05,17.8,768.4,-0.2,0,9.2,25.95
2023/10/11 20:00,65.7,1.475,98.9,13.15,71.8,12.1,11.2,769.2,0.8,0,8.6,43.9
2023/10/11 23:00,95.7,1.88,82.55,5.5,121.4,11.1,8.7,769.9,0.6,0,7.8,71
2023/10/12 2:00,81.55,1.235,62.3,4.35,101.15,11,7.2,770,0.2,0,6.6,58.75
2023/10/12 5:00,76,1.3,47.15,4.85,90.85,13.1,6.2,770.4,0.4,0,5.6,53.35
2023/10/12 8:00,76.05,1.805,44.55,10.5,89.05,16.75,10.3,771.1,0.6,1,8.1,54.35
2023/10/12 11:00,84.5,1.605,53,53.95,96.85,24.05,20.4,769.6,-1.4,1,9,62.2
2023/10/12 14:00,39.95,0.62,15.5,120.95,32.55,9.75,23.1,767.8,-1.7,1,5.1,21.15
2023/10/12 17:00,44.05,0.71,44.15,90.6,43.75,11.35,17.8,767.2,-0.7,0,8.9,25.6
2023/10/12 20:00,70.5,1.465,110.5,10,81.4,11.65,12.2,767.3,0.1,0,9,47.4
2023/10/12 23:00,94.85,1.5,93.25,7.5,118.95,18.5,9.6,767,-0.2,0,8,69.75
2023/10/13 2:00,92.7,1.22,78.5,4.65,110.45,23.55,9.7,766,-1.1,1,8.3,68.7
2023/10/13 5:00,83.85,1.635,57.4,11.45,97.15,18.45,10.6,764.9,-1,2,7.7,61.75
2023/10/13 8:00,74.05,1.9,61.3,15.75,87.45,19.5,12,765.4,0.3,1,9.4,54.3
2023/10/13 11:00,42.5,1.055,32.65,71.9,44.35,16.3,14.6,764.6,-0.7,2,12.8,30.2
2023/10/13 14:00,32.75,0.755,25.2,86.7,25.9,8.1,14.5,762.2,-2.3,1,12.2,16.95
2023/10/13 17:00,34.9,0.98,38.65,71,32.1,9.1,13.7,761.2,-1,0,11.4,21.85
2023/10/13 20:00,53.05,1.095,41.6,42.9,45.9,10,13.1,761.1,-0.2,0,11.7,37.25
2023/10/13 23:00,53.05,1.04,51.65,16.25,51.4,11,12.6,760.4,-0.6,1,11.3,34.7
2023/10/14 2:00,52.25,1.01,48.1,8.65,50.35,10.8,12.5,759.6,-0.9,1,11.7,35.15
2023/10/14 5:00,49.4,0.92,39.8,10,44.75,12.15,12.4,759,-0.6,1,11.9,33.85
2023/10/14 8:00,50.55,0.96,45.65,7.05,46.7,11.1,12.9,759.1,0.1,1,12.4,35
2023/10/14 11:00,51.2,1.05,31.45,50.6,45.1,12.2,15.4,758.7,-0.4,2,12.2,35.85
2023/10/14 14:00,48.15,0.945,32.4,83.3,46,9.55,17.3,757,-1.5,2,10.9,31.85
2023/10/14 17:00,39.6,0.765,32.5,89.6,38.85,8,16.1,756.6,-0.6,2,10.2,26.15
2023/10/14 20:00,57.4,0.93,63.3,37.25,55.15,8.1,10.8,757.1,0.6,1,9.7,40.1
2023/10/14 23:00,69.55,1.09,57.6,25.65,72.3,17.9,8.4,757.2,0,0,8,49.8
2023/10/15 2:00,71.65,1.39,45.75,26.3,79.65,38.35,7.3,756.7,-0.4,1,6.9,49.3
2023/10/15 5:00,72.15,1.55,41.2,21.15,76.55,17.65,10.6,757.7,1,3,8.2,50.35
2023/10/15 8:00,30.35,0.475,23.8,35.75,30.35,8.35,12.2,760.2,2.4,3,-1,11.75
2023/10/15 11:00,29.85,0.36,14.65,57.45,29.25,7.8,15.4,761.1,0.9,4,-5.1,6.75
2023/10/15 14:00,25.8,0.335,12.1,67.85,22.3,6.5,16.5,760.7,-0.3,4,-6.5,5.45
2023/10/15 17:00,26.95,0.36,17.05,63.5,24.95,6.8,14,761.8,1,2,-6.8,5.6
2023/10/15 20:00,37.05,0.545,50.5,18.85,36.5,8.85,6.8,763.3,1.4,0,-2.1,10.9
2023/10/15 23:00,45.85,0.615,55.65,8.45,47.35,13.45,3.6,764.2,1,1,-0.2,18.65
2023/10/16 2:00,54.8,0.645,48.05,4.85,60.5,10.95,0.8,764.9,0.7,1,-0.3,26.4
2023/10/16 5:00,39.9,0.56,36.6,8.9,42.2,9.85,-1,765.4,0.4,1,-1.8,16.3
2023/10/16 8:00,47.95,0.655,34.05,11.9,52.95,18.55,4.8,766.5,1.1,1,1.3,19.9
2023/10/16 11:00,33.4,0.455,29.65,31.5,33.85,12.6,12.4,766.3,-0.2,2,-3.8,11.9
2023/10/16 14:00,25.35,0.345,22.95,57.95,21.25,8.05,15.1,764.9,-1.4,2,-6.4,6.7
2023/10/16 17:00,23.75,0.39,25.9,56,21.7,7.15,12.6,764.5,-0.4,1,-2.4,6.55
2023/10/16 20:00,48.3,0.85,67.1,10.15,52.3,8.95,5,764.8,0.3,0,-1,22.5
2023/10/16 23:00,76.65,1.07,62.6,5.95,99.7,24.2,2.3,765.4,0.6,0,-0.6,48.35
2023/10/17 2:00,67.85,0.82,48.35,5.15,84.3,16.5,0.4,765.4,0,0,-0.9,43.35
2023/10/17 5:00,61.2,1.235,43.25,4.8,70.8,16.2,0.5,765.3,-0.1,1,-1.4,38.4
2023/10/17 8:00,59.4,1.445,33.85,11.95,68.05,18.3,6.4,765.1,-0.2,1,0.3,35.7
2023/10/17 11:00,40.7,0.935,30.95,43.85,40.9,15.9,19,763.6,-1.4,3,1.9,17.9
2023/10/17 14:00,54.75,0.88,18.05,108.45,58.25,15.05,21.1,761.5,-2.1,4,9.7,24.65
2023/10/17 17:00,52.3,0.605,21.15,110.9,55.55,10.6,18.8,760.7,-0.8,4,11.1,20.75
2023/10/17 20:00,49.8,0.58,22.8,92.95,51.35,9,15.7,761.2,0.5,1,11.1,24.05
2023/10/17 23:00,60.5,0.795,33.3,57.9,71.5,39.8,11.7,761.2,0,1,7.2,32.8
2023/10/18 2:00,60.35,0.815,17.65,95.4,65.1,27.2,14.8,760.4,0,1,9.2,38.55
2023/10/18 5:00,68,0.86,19.6,100.5,76.7,23.75,12.6,760.4,0,0,10.5,46.95
2023/10/18 8:00,60.9,0.9,31.8,54.6,61.5,7.8,13.9,761.5,1,2,13.1,41.85
2023/10/18 11:00,23.38888889,0.45,31.94444444,28,24.3,8.15,13.4,762.4,1,2,4.6,9.45
2023/10/18 14:00,30.65,0.475,27.5,36.9,30.65,12.1,15.1,760.9,-1.5,2,7.9,10.75
2023/10/18 17:00,36.7,0.525,39.35,30.75,36.85,16,13.1,761.4,0.4,1,8.4,15.85
2023/10/18 20:00,51.45,0.855,56.85,5.65,54.85,32.5,8.6,762.1,0.7,1,7.5,28.25
2023/10/18 23:00,54.8,1.425,51.45,5.8,59.1,43.8,6.2,762.3,0.2,1,5.6,34.6
2023/10/19 2:00,53.85,1.465,47.5,4.25,57.85,19.7,7,762.9,0.6,1,6.6,30.85
2023/10/19 5:00,53.2,1.425,38.05,3.5,55.45,14.4,4,763.4,0.5,0,3.6,30.95
2023/10/19 8:00,55.35,1.75,36.1,5.6,59,14.6,8.5,764.4,1,1,8.2,32.95
2023/10/19 11:00,27.7,0.555,26.3,42.55,27.05,10.15,14,764.2,-0.2,2,1.3,14
2023/10/19 14:00,21.35,0.315,11.05,64.6,13.7,7.1,15.7,763.5,-0.7,3,-2.3,4.4
2023/10/19 17:00,19.5,0.33,19.1,52.15,15.6,6.6,13.4,763.6,0.1,3,-4.7,4.4
2023/10/19 20:00,20.1,0.33,21.5,42.35,18.85,6.85,10.8,764.6,1,2,-1.9,5.15
2023/10/19 23:00,21.45,0.345,26.3,32.05,20.85,7.35,8.9,765.2,0.6,2,-0.2,6.65
2023/10/20 2:00,14.2,0.345,15.05,31.8,13.35,7.45,6.9,765.3,0.1,3,-2.8,3.9
2023/10/20 5:00,16.5,0.33,15.05,30.75,14.4,7.05,5.6,765.7,0.3,3,-5.4,3.75
2023/10/20 8:00,12.55,0.39,20.9,27.2,11.6,7.9,6.9,766.6,0.9,4,-6.8,4.05
2023/10/20 11:00,15.55,0.315,8.3,48.1,11.25,6.45,10,766.3,-0.3,4,-8.6,2.55
2023/10/20 14:00,19.1,0.315,7.85,58.15,10.55,6.5,11.2,764.6,-1.6,4,-12.2,2.95
2023/10/20 17:00,18.55,0.34,20.85,45.1,16.75,6.4,10.3,764.2,-0.5,2,-10.5,3.95
2023/10/20 20:00,47.7,0.615,56.65,6.2,54.05,9,6.2,763.9,-0.3,1,-4.8,21.55
2023/10/20 23:00,40.3,0.6,47.95,11.25,41.35,15.4,7.2,763.6,-0.3,2,-4.8,19.6
2023/10/21 2:00,36.2,0.5,35.4,17.4,36.5,11.25,7.2,764.3,0.8,3,-5.5,16.65
2023/10/21 5:00,20.4,0.37,17.05,30.45,20.4,7.85,4.4,765.9,1.5,2,-4.6,7.5
2023/10/21 8:00,35.1,0.45,31.75,15.8,35.25,9.65,6.5,767.9,2,2,-3.7,14.2
2023/10/21 11:00,18,0.355,13.6,51.25,17.85,6.2,10.5,768.1,0.2,2,-6.8,5.05
2023/10/21 14:00,19.35,0.31,12.05,58.8,14.15,7.75,12.9,766.4,-1.6,1,-7.2,5.1
2023/10/21 17:00,23,0.355,21.9,51.65,22.8,7.6,10.8,765.8,-0.7,1,-4.8,7.55
2023/10/21 20:00,50.5,0.61,44.75,23.35,55.2,35.75,4.3,765.4,-0.4,0,-2.3,27.35
2023/10/21 23:00,53.2,0.99,45.6,17.7,56.2,39.7,6.4,764.4,-0.9,2,-3.5,26.7
2023/10/22 2:00,44.3,0.79,31.6,36.1,45.5,34.35,8.9,763.2,-1.2,2,-2.4,17.45
2023/10/22 5:00,46.8,0.925,32.7,32.9,47.15,25.3,6.3,763.6,0.3,1,3.6,23.45
2023/10/22 8:00,56.7,1.04,41.3,18.25,54.15,14.75,10.5,764.9,1.3,2,7.4,33.1
2023/10/22 11:00,36.05,0.51,22.7,52.2,36.2,11.4,16.5,765,0.2,1,1,14.1
2023/10/22 14:00,25.9,0.4,14.4,74.5,23.55,8.3,18.6,764,-0.9,2,-0.2,8.2
2023/10/22 17:00,27.65,0.445,31.45,58.8,26.75,8.6,13.9,764.2,0,0,1.5,8.9
2023/10/22 20:00,77.6,1.125,77,9.3,88.4,10.1,6.4,765.1,0.9,1,2.3,45.35
2023/10/22 23:00,86.7,1.185,68.65,6.1,118.65,11.45,3.7,765,0,1,1.4,60.25
2023/10/23 2:00,85.6,1.3,52.55,5.9,107.25,15.55,2.9,765.1,0,1,0.8,62.95
2023/10/23 5:00,76.85,1.565,47.9,5.15,92.9,16.9,2.1,764.7,-0.4,1,0.8,55.95
2023/10/23 8:00,79.35,1.9,56.1,8,94.3,19.2,6.5,764.7,0,0,3.5,56.7
2023/10/23 11:00,101.5,1.275,31.05,103.5,106.45,25.15,19.6,763.6,-1.1,3,6,76
2023/10/23 14:00,118.15,0.93,22.25,167.55,126.9,17.75,22.1,761.5,-2,4,3.7,89.15
2023/10/23 17:00,76.95,0.775,26.75,128.55,86.45,18.15,19.4,761.3,-0.2,3,7.5,56
2023/10/23 20:00,92.5,0.86,28.4,110.55,95.05,25.95,15.8,761.6,0.3,2,9,68.65
2023/10/23 23:00,94.75,0.835,21.15,126.6,93.9,27.45,12.9,761.5,-0.1,1,9,70.5
2023/10/24 2:00,89.1,0.88,20.6,121.45,95.25,33.85,9.9,761.1,-0.5,1,8.3,66
2023/10/24 5:00,82.25,0.78,18.2,126.4,82.2,31.45,9.7,760.9,-0.1,1,7.5,60.4
2023/10/24 8:00,77.6,0.88,41.55,94.65,78.1,26.8,12.4,761.8,0.8,1,10,56.55
2023/10/24 11:00,63.25,0.885,27,126.05,70.15,18.85,21,761.1,-0.6,3,10.2,43.65
2023/10/24 14:00,68.25,0.985,25.6,138.85,80.7,15.35,21.3,760,-1.1,4,10.2,47.65
2023/10/24 17:00,68.2,0.975,35.55,132.05,83.75,14.8,18.8,760.5,0.4,1,11.6,46.9
2023/10/24 20:00,81.2,1.035,53.9,95.55,103.9,11.8,14.7,761.6,1.2,1,11.8,58.7
2023/10/24 23:00,65.45,0.94,35.4,100.1,80.25,33.4,10.8,761.8,0.2,0,9.7,40.75
2023/10/25 2:00,62.75,1.05,27,105.2,73.7,24.15,9.3,761.5,-0.4,0,8.8,41.7
2023/10/25 5:00,67.5,1.04,28.65,95.3,75.5,11.35,8,760.9,-0.5,0,7.6,48.4
2023/10/25 8:00,73.2,1.365,60.1,69.95,78.9,12.4,12.4,760.8,-0.2,1,12.1,53.1
2023/10/25 11:00,51.11111111,0.794444444,21.25,142.2,51.9,17,21.5,759.7,-0.9,4,10.9,29.55
2023/10/25 14:00,54.2,0.835,19.85,158.25,56.55,13.3,23.5,757.9,-1.8,4,9.5,27.8
2023/10/25 17:00,125.05,1.19,35.65,183.2,168.75,16.9,20.1,758.7,0.6,2,8.8,91.15
2023/10/25 20:00,128.2,1.285,44.5,148.15,153.8,16.6,15.6,760.3,1.7,1,9.7,96.6
2023/10/25 23:00,36.55,0.42,13.3,61.45,38.65,7.95,15.5,762.7,2.5,5,-6.1,6.55
2023/10/26 2:00,24.35,0.33,12.55,58.35,20.2,8,11.9,764.2,1.5,4,-8.6,4.9
2023/10/26 5:00,21.95,0.33,17,50.25,18.55,8.15,8.8,765.3,0.9,3,-8.3,4.7
2023/10/26 8:00,28.95,0.45,30.85,33.85,24.25,9.15,9.5,766.8,1.5,3,-8.6,4.75
2023/10/26 11:00,22.4,0.39,14.35,57.9,18.8,7.8,13.3,766.5,-0.3,4,-9.2,3.45
2023/10/26 14:00,23.25,0.335,12.75,66.15,18.35,8.25,14.7,764.9,-1.5,3,-10.1,2.9
2023/10/26 17:00,25.1,0.395,22.7,51,24.2,7.6,11,764.8,-0.2,2,-8.8,3.65
2023/10/26 20:00,40.2,0.53,52.6,19.65,40.35,7.5,7.6,765.4,0.5,2,-7.3,10.4
2023/10/26 23:00,50.8,0.675,62,7.05,56.2,13.8,1.3,765.5,0.1,0,-3.8,18.6
2023/10/27 2:00,62.45,0.755,54.15,7.2,74.9,11.75,-0.5,765.1,-0.4,1,-4,29.4
2023/10/27 5:00,92.65,1.255,48.35,6.65,117.7,15.4,-1.6,765,-0.1,1,-3.9,65.2
2023/10/27 8:00,108.6,1.835,43.05,11.75,130.3,16.5,3.2,765.4,0.4,2,-3.8,81.45
2023/10/27 11:00,65.4,1.075,37.7,55.65,79.6,15.05,13,764.6,-0.8,2,-9.4,38.3
2023/10/27 14:00,33.3,0.54,20.05,80.6,31.7,10.5,16.3,762.6,-1.9,1,-8.8,13.95
2023/10/27 17:00,36.65,0.47,38.35,56.5,36.2,9.2,11.1,762.8,0.1,1,-5.8,17.55
2023/10/27 20:00,51.55,0.59,66,21.35,55.9,10.8,10.1,763.6,0.8,1,-8.5,28.05
2023/10/27 23:00,64.85,0.675,65.1,18.8,68.9,11.95,3.8,763.9,0.4,1,-4.9,43.95
2023/10/28 2:00,110.7,1.02,66.05,7.95,122.9,18.55,1.4,764.4,0.5,1,-3.3,82.35
2023/10/28 5:00,121.6,1.205,54.15,9.3,123.85,27.2,0.5,765.1,0.6,1,-2.9,91.8
2023/10/28 8:00,139.55,1.36,54.55,18.4,140.95,52.5,5.8,765.8,0.7,2,-2.1,107
2023/10/28 11:00,72.65,0.94,41.25,66.1,86.35,16.65,14.9,765.4,-0.3,1,-5.5,49.8
2023/10/28 14:00,35.05,0.47,20.1,89.05,31.9,10.85,18.2,764.1,-1.3,2,-4.5,17.5
2023/10/28 17:00,39.15,0.54,41.95,71.7,38.25,11.85,12.7,763.7,-0.5,0,-2.4,20.45
2023/10/28 20:00,92.45,1.345,104.8,13.45,107.35,17.3,6.3,764.2,0.5,1,-1.1,68.75
2023/10/28 23:00,145,1.68,98.85,8.85,175.6,18.8,3.2,764.1,0,0,-0.4,110.35
2023/10/29 2:00,175.95,1.745,76.8,8.25,196.55,24.9,2.2,764.3,0.2,0,-0.7,133.4
2023/10/29 5:00,149.4,1.925,66.8,7.05,157.65,28.55,2.2,764,-0.4,1,-1.2,113.65
2023/10/29 8:00,137.35,1.93,68.95,9.9,145.55,27.2,6.8,764.2,0.2,0,1.5,103.6
2023/10/29 11:00,74.85,1.05,43.15,78.85,88.25,28.9,19,763.3,-0.55,3,3.2,51.65
2023/10/29 14:00,109.2,0.885,26.1,143.15,125.75,16.3,21.1,761.9,-1.3,4,8.4,82.1
2023/10/29 17:00,81.85,0.775,28.7,117.6,97.7,18.5,18.2,762.1,0.1,2,8.5,59.95
2023/10/29 20:00,89.5,0.925,34.6,93.35,106.25,28.55,13.7,762.4,0.3,2,7.9,66.25
2023/10/29 23:00,72.55,0.885,25.85,98.85,75,17.7,11,762.6,0.3,1,7.7,51.65
2023/10/30 2:00,86.95,0.875,24.85,105.05,75.75,25.95,14.1,762.6,0.1,2,10.1,64.2
2023/10/30 5:00,65.95,0.725,22.3,100.2,69.8,22.5,15,763.1,0.5,1,10.2,46.35
2023/10/30 8:00,48.95,0.68,30.05,41.45,51.75,12.6,14.3,765.3,2.1,2,4.6,28.25
2023/10/30 11:00,37.55,0.465,31,32.95,34.25,12.7,12.9,766.2,0.9,1,-0.4,15.35
2023/10/30 14:00,54.5,0.525,36.05,48.65,54.4,13.95,13.7,765.4,-0.7,1,0.4,28.15
2023/10/30 17:00,65.25,0.615,59.8,26.25,72.9,12.55,12.8,765.7,0.2,1,1.8,35.05
2023/10/30 20:00,93,1.38,65.85,8.25,129.6,22.4,12.4,764.9,-0.7,1,5.3,63.4
2023/10/30 23:00,117.8,1.545,57.4,8.2,149.65,15.6,11.6,764,-1,1,7.5,88.8
2023/10/31 2:00,112.45,1.415,57.25,18.1,130.65,38.5,9.4,762.5,-1.5,0,7.8,84.75
2023/10/31 5:00,81.05,0.845,32.05,80.35,94.2,45.35,10.1,760.8,-1.7,1,9.2,59.45
2023/10/31 8:00,55.85,0.725,32.9,91.4,59.6,34.6,18,760.6,-0.2,3,12.2,37.1
2023/10/31 11:00,77.4,1.065,30.5,99.15,86.65,14.45,19.4,760.2,-0.4,5,12.9,55.45
2023/10/31 14:00,98.35,0.945,23.7,117.3,114.35,10.3,19.9,759.3,-0.9,5,13.6,73.35
2023/10/31 17:00,69.45,0.805,32.6,81.2,88.55,13.15,16.8,760.9,1.6,4,4.2,41.6
2023/10/31 20:00,40.9,0.445,27.15,49.25,42.7,10.35,12.9,762.7,1.9,3,-1.1,10.5
2023/10/31 23:00,46.1,0.46,37.35,35.75,51.35,10.75,10.8,762.4,-0.3,2,-1.3,11.2
2023/11/1 2:00,52,0.5,43.05,26.15,56.2,10.35,8.2,760.8,-1.7,2,-0.8,17.25
2023/11/1 5:00,60.5,0.615,46.65,15.1,70.35,15.15,8.8,759.9,-0.9,1,0,24.85
2023/11/1 8:00,53.85,0.51,34.25,23.6,58.55,10.8,7.1,762.8,2.9,5,0.3,18.1
2023/11/1 11:00,40.88888889,0.477777778,22.83333333,48.75,42.4,9.8,12,763,0.1,3,0.4,14.25
2023/11/1 14:00,38.5,0.45,20.65,61.9,38.5,9.7,14.6,762.1,-0.8,3,1.2,15.4
2023/11/1 17:00,54.8,0.62,32.15,48.8,58.2,9.4,10.5,762.4,0.3,2,2.8,31.75
2023/11/1 20:00,72.88888889,0.835,56.75,11.94444444,76.9,12,8.1,762.1,-0.3,1,3,49.7
2023/11/1 23:00,72.9,0.845,56.6,5.4,78.95,13.05,3.8,760.5,-1.6,1,2.2,51.05
2023/11/2 2:00,69.6,1.42,51.65,6.55,81.5,18.1,2.6,758.8,-1.8,0,1.6,47.5
2023/11/2 5:00,71.55,1.525,53.2,5.05,87.3,20.7,3.4,756.7,-2,1,2.2,49.35
2023/11/2 8:00,141,2.285,70.55,14.9,160.5,33.4,11,755.8,-1,2,7.5,106.65
2023/11/2 11:00,133.4,1.81,52.4,85,156,23.75,22.4,754.3,-1.3,4,12.9,100.75
2023/11/2 14:00,83.05,0.94,23.4,151.75,113.5,17.4,23.3,752.6,-1.7,4,12.6,56.15
2023/11/2 17:00,87.05,0.87,26.6,143.7,114.1,14,20.8,754,1.3,4,13.5,62.3
2023/11/2 20:00,48.25,0.555,18.15,43.5,49.25,8.15,11.5,758.7,4.7,2,9.9,20.65
2023/11/2 23:00,31,0.41,15.2,35.5,28.9,8.5,9.6,762.7,4.1,4,2,14.7
2023/11/3 2:00,28.95,0.345,14.75,39.35,28.35,8.6,6.3,764.6,1.9,5,-2.1,13.9
2023/11/3 5:00,18.65,0.295,13.7,47.85,13,9.75,4.1,766.1,1.4,4,-4.9,4.9
2023/11/3 8:00,17.7,0.33,20,41.6,15.6,8.5,3.5,767.5,1.3,4,-5.9,5.6
2023/11/3 11:00,21.25,0.37,16.3,46.5,20.95,8.1,6.2,767.2,-0.3,2,-3.7,7.85
2023/11/3 14:00,29.3,0.35,18.5,52.1,29.3,7.9,7.7,766,-1.2,3,-3.5,12
2023/11/3 17:00,31.3,0.405,29.05,45.15,31.3,8.05,5.9,765.5,-0.5,2,-4.5,13.6
2023/11/3 20:00,39.6,0.54,48.8,17.9,39.15,10.4,3.6,766,0.4,1,-5.1,20.95
2023/11/3 23:00,54.3,0.665,52.65,6.5,55.95,11.8,2.2,766.6,0.6,1,-5,30.85
2023/11/4 2:00,56.25,0.63,46.45,4.85,56.4,11.6,0,766.8,0.2,1,-3.2,34.9
2023/11/4 5:00,58.6,0.825,32.8,6.7,60.55,9.9,-0.2,766.8,0,0,-1.5,38.65
2023/11/4 8:00,66.45,1.265,33.1,6.25,67.85,14.05,1.3,767.5,0.8,0,-0.5,45.45
2023/11/4 11:00,79.4,1.52,49.2,16.55,91.35,65.45,9.2,767.3,-0.2,1,-0.1,57.75
2023/11/4 14:00,62.9,1.03,53,30.6,72.85,31.8,13.5,766,-1.3,2,-1.3,42.55
2023/11/4 17:00,67,0.865,76.2,12.8,78.7,20,10.1,767,1,1,-0.4,46.85
2023/11/4 20:00,91.05,1.205,78.7,5.35,104.5,18.65,5.9,767.5,0.4,1,0.9,67.3
2023/11/4 23:00,111.05,1.395,71.5,5.2,130.8,19.55,5.3,768,0.6,1,1.8,83.3
2023/11/5 2:00,115.2,1.535,59.85,5.65,131,21.8,5.8,767.5,-0.5,2,1.7,86.85
2023/11/5 5:00,116.15,1.77,49.65,4.95,125.3,19.15,5.1,766.7,-0.8,0,2.1,87.4
2023/11/5 8:00,117.55,1.465,44.75,6.2,116.75,19.55,7.8,766.6,-0.1,2,1.6,88.4
2023/11/5 11:00,149.95,1.45,53.95,11.65,154.05,17.25,10.1,765.1,-1.5,2,2.2,113.8
2023/11/5 14:00,198,1.435,59.2,7.35,193.1,13.65,8,763.1,-2,4,4.8,150.65
2023/11/5 17:00,173.2,1.205,45.05,4.25,154.65,9.1,5.8,760.9,-2.2,2,4.8,130.9
2023/11/5 20:00,141,1.385,44.9,4.05,110.95,8.3,6.1,757.6,-3.2,5,5.4,107.15
2023/11/5 23:00,160.4,1.275,43.6,6.25,129.85,7.55,4.8,753.8,-3.8,5,3.9,121.9
2023/11/6 2:00,71.15,0.79,27.35,13.55,58.8,7.4,3.6,750.4,-3.4,6,2.6,51.7
2023/11/6 5:00,25.55,0.58,23.35,15.8,20.75,8.1,2.5,749.2,-1.3,7,1.2,16.9
2023/11/6 8:00,99.45,0.85,26.6,14.05,85.5,7.4,0.3,750.1,1,4,-0.7,74.3
2023/11/6 11:00,38.8,0.495,22.7,33.55,28,8.15,-1.8,751.8,1.6,5,-2.8,26.7
2023/11/6 14:00,23.5,0.39,17.2,39.8,23.1,8.15,-3.6,754.4,2.5,4,-5.3,13.65
2023/11/6 17:00,45.5,0.4,18.3,40.15,52.9,7.75,-5.4,757.8,3.4,5,-7.4,11.85
2023/11/6 20:00,46.25,0.375,15.45,49.1,53.6,7.8,-6.3,761,3.2,4,-8.6,9
2023/11/6 23:00,51.15,0.335,14.15,55.9,62.55,7.9,-6.1,763.8,2.7,3,-8.5,7.15
2023/11/7 2:00,50.25,0.335,19.35,51.85,61.5,9.8,-5.4,765.4,2.05,2,-9.5,6.55
2023/11/7 5:00,57.7,0.4,33.7,30.9,67.8,10.3,-8.5,766.9,1.4,1,-9.6,8.9
2023/11/7 8:00,49.15,0.53,36.35,27.5,55.7,12.7,-7,768.7,1.9,1,-8.2,13.75
2023/11/7 11:00,58.72727273,0.581818182,28.59090909,45.22727273,65.59090909,19.27272727,-1.7,769,0.3,1,-9.3,24.22727273
2023/11/7 14:00,49.8,0.53,28.5,56.55,51.9,24.45,-0.8,767.5,-1.5,2,-11.8,26.65
2023/11/7 17:00,37.3,0.535,46.5,32.2,36.7,13.4,-3.6,766.9,-0.7,1,-8.1,17.55
2023/11/7 20:00,55.25,0.88,62.85,11.6,53.6,13.05,-6.2,766.9,0.1,0,-7.9,34.6
2023/11/7 23:00,71.15,1.505,60.1,5.05,74.7,18.05,-1.9,766.6,-0.2,1,-4.7,50.45
2023/11/8 2:00,41.4,1.115,46.3,14.9,41.4,15.4,0.2,766.2,-0.5,1,-2.7,24.5
2023/11/8 5:00,35.4,0.895,30.65,32.6,34.95,15.25,1.3,765.1,-1.1,2,-0.9,21.45
2023/11/8 8:00,37.05,0.995,46.4,21.3,36.8,14.75,1.5,764.8,-0.2,1,0.3,23.75
2023/11/8 11:00,52,1.12,55.85,13.35,48.05,14.27777778,4.3,764.6,-0.2,3,0.8,34.75
2023/11/8 14:00,46.44444444,0.95,51.2,12.45,41.6,13,2.2,764.3,-0.3,3,1.2,31.95
2023/11/8 17:00,34.1,1.02,59.9,4.2,29,9.2,1.2,765.7,1.4,2,0.5,22.2
2023/11/8 20:00,72.2,1.01,49.9,12.9,59.2,10.5,0.6,766.9,1.2,1,-0.1,52.4
2023/11/8 23:00,80.2,1.09,49.7,8.9,63.85,10.7,1.2,766.2,-0.7,2,0.3,58.7
2023/11/9 2:00,103.2,1.035,45.1,10.15,83.6,11.1,0.2,764.7,-1.5,2,-0.8,77.2
2023/11/9 5:00,67.55,0.79,26.25,35.25,51.05,13.6,-0.2,765.9,1.2,4,-1.5,48.8
2023/11/9 8:00,43.15,0.585,27.2,44.45,34.4,13.8,-0.7,768,2,3,-3.2,29.75
2023/11/9 11:00,25.85,0.465,19.95,56.05,20.15,10.75,-0.8,769.4,1.5,5,-3.6,16.1
2023/11/9 14:00,22.1,0.36,10.25,68.1,7.75,9.1,0.2,769.6,0.2,4,-14.2,4.2
2023/11/9 17:00,18.65,0.37,18.35,56.95,10.75,9.5,-1.9,771.1,1.5,3,-14.7,6
2023/11/9 20:00,22.15,0.53,39.35,32.25,19.3,12,-3.1,772.9,1.6,2,-13.6,13.2
2023/11/9 23:00,29.45,0.58,51.75,16.85,26.9,19.1,-4,773.3,0.5,2,-12.2,17.7
2023/11/10 2:00,15.85,0.425,20.25,40.65,13.95,13.05,-4.3,773.8,0.5,3,-15,7.55
2023/11/10 5:00,14.85,0.42,17.05,41.85,13.15,12.9,-5.6,774.3,0.5,3,-15.9,5.85
2023/11/10 8:00,16.6,0.5,28.95,32.15,16,14.6,-4.7,775.6,1.2,3,-15.7,7.65
2023/11/10 11:00,18.1,0.41,10.9,57.05,15.7,9.75,-4.1,776.6,0.35,4,-15.4,8.75
2023/11/10 14:00,20.2,0.37,8.25,63,14.55,8.65,-3,776.2,-0.5,3,-14.1,6.9
2023/11/10 17:00,18.4,0.41,15.45,55.75,15.75,8.35,-4.8,777.1,0.9,2,-14.9,9.05
2023/11/10 20:00,33.9,0.7,49.4,23.1,42.65,9.75,-7.8,777.7,0.6,1,-12.5,21.9
2023/11/10 23:00,42,0.65,50.9,16.6,41.1,10.7,-9.7,777.7,0,0,-12,25.6
2023/11/11 2:00,54.05,0.755,54.55,9.1,56.8,13.15,-10.6,777.4,-0.3,0,-12.3,36
2023/11/11 5:00,30.6,0.59,35.15,25.8,30.8,12.95,-11.1,777.1,-0.4,1,-12.7,18.45
2023/11/11 8:00,30.15,0.63,35.05,27.35,30.6,17.15,-7.5,777.1,0.1,1,-10.2,18.3
2023/11/11 11:00,23.55,0.555,17.85,49.05,23.25,13.45,-3,776.4,-0.7,2,-13.5,14
2023/11/11 14:00,20.75,0.465,13.45,57.9,17.9,10.5,-2.5,775.3,-1.1,3,-13.7,11.5
2023/11/11 17:00,26.8,0.53,22.1,53.85,25.5,9.95,-4.8,776.1,0.8,3,-13.6,17.2
2023/11/11 20:00,36.05,0.595,35.8,37,33.6,11.5,-5.6,776.3,0.2,1,-13.4,24.05
2023/11/11 23:00,54.3,0.83,55.7,14.45,42.9,15.6,-10,776.4,0.1,0,-12.2,37.4
2023/11/12 2:00,70.65,0.975,61.45,5.3,63.8,12.95,-11.3,775.9,-0.5,0,-12.9,50.3
2023/11/12 5:00,78.8,1.05,54.4,6.1,74.4,11.55,-12.2,775.8,-0.2,1,-13.8,57.85
2023/11/12 8:00,73.5,1.025,49.65,7.75,71.2,18.4,-8.9,776.6,0.9,1,-10.8,53.25
2023/11/12 11:00,81.55,0.95,43.2,33.5,80.4,19.6,-3.5,776.4,-0.2,2,-10.8,60.05
2023/11/12 14:00,36.7,0.585,17.95,58.3,35.5,10.9,-2.4,775.8,-0.6,3,-12.7,24.25
2023/11/12 17:00,26.55,0.54,25.4,52.1,26.3,12.65,-4.8,776.8,1,2,-12.5,16.6
2023/11/12 20:00,46.7,0.74,46.6,27.25,44.85,12.3,-6.6,777.1,0.3,1,-13.1,32.65
2023/11/12 23:00,54.7,0.84,53.1,17,57,12.15,-9.9,776.9,-0.2,0,-12.5,38.5
2023/11/13 2:00,69.65,0.915,55.35,9.05,72.05,13.55,-11.1,776.5,-0.4,1,-12.6,50.45
2023/11/13 5:00,66.7,0.955,55.7,5.25,65.1,16.45,-11.2,775.4,-1.1,1,-12.8,47.85
2023/11/13 8:00,73.2,1.42,50.65,9.25,74.6,27.35,-6.3,775.3,-0.1,2,-10.7,53.3
2023/11/13 11:00,57.85,1.38,38.6,34.35,61.35,25.65,-0.7,774.2,-1.1,2,-9.3,40
2023/11/13 14:00,39.8,0.81,25.05,55.45,39.6,17.25,2,772.2,-1.9,3,-9.9,24.1
2023/11/13 17:00,42.65,0.725,51.25,30.45,42.75,15.25,-0.2,771.7,-0.6,1,-8.4,26.45
2023/11/13 20:00,79.45,1.15,71.7,7.95,86.35,23.1,-4.1,771.6,0,0,-8.2,57.75
2023/11/13 23:00,86.35,1.37,70.05,7.15,90.15,37.5,-6,771.7,0,1,-8.7,63.75
2023/11/14 2:00,61.1,1.505,63.5,8.2,65.2,52.3,-6.9,771.1,-0.6,1,-9.1,43.05
2023/11/14 5:00,73.75,2.315,58.65,4.65,81.7,31.25,-6.1,770.2,-0.9,2,-9,53.55
2023/11/14 8:00,87.3,2.165,52.45,7.5,93.25,26.1,-3.7,770.6,0.5,2,-7.5,62.8
2023/11/14 11:00,75.2,1.935,59.7,23.45,84.6,41.8,5.1,770,-0.5,2,-4.7,54.7
2023/11/14 14:00,55.6,1.155,39,50.25,55.55,25.35,7.7,768.8,-1.2,2,-4.1,37.65
2023/11/14 17:00,64.15,1.19,70.15,18.35,65.7,20.7,2.2,768.7,-0.2,1,-3.7,45.6
2023/11/14 20:00,141.3,2.145,87.8,7.25,163.45,21.15,-1.9,769.4,0.7,0,-3.9,107.5
2023/11/14 23:00,153.55,2.055,74.5,6.05,150.1,49.55,-3.2,769.5,0.1,1,-4.5,117.25
2023/11/15 2:00,84.45,1.79,60.65,5.3,89.85,51.95,-3.7,770,0.6,0,-5.1,62.15
2023/11/15 5:00,75.6,2.07,57.6,4.25,80.7,30.25,-4.7,769.8,-0.3,0,-5.7,55.3
2023/11/15 8:00,85.1,2.51,56.65,6.25,92.05,30.45,-2.4,769.9,0.1,0,-3.1,62.8
2023/11/15 11:00,116.7222222,1.73,50.6,25.77777778,114.05,31.35,8.5,769.7,-0.1,3,0.5,86.35
2023/11/15 14:00,97.15,1.105,34.6,58.8,95.35,20.15,10.8,768.3,-1.4,3,0.8,72.5
2023/11/15 17:00,127.8,1.17,74.2,26.2,135.95,31.75,5.1,767.8,-0.6,1,0.3,97
2023/11/15 20:00,106.75,1.09,59.15,26.75,110.6,26.7,3.2,767.3,-0.4,1,-0.8,80.1
2023/11/15 23:00,99.45,0.905,33.65,47.35,101,18.45,4.8,766.2,-1,1,0.9,74.15
2023/11/16 2:00,108.5,0.84,28,52.5,110.1,20.05,7.3,764.6,-1.5,2,1.8,81.4
2023/11/16 5:00,138.45,1.085,46.65,13.55,143.2,16.2,4.9,764.5,-0.2,2,2.9,105.4
2023/11/16 8:00,68.5,0.82,47.5,13.9,75.65,13.6,4.3,765.1,0.6,3,0.6,47.4
2023/11/16 11:00,28.05,0.425,18.05,56.45,26.65,9.95,3.5,765.1,-0.1,4,-7.3,14.05
2023/11/16 14:00,22.05,0.385,14.95,61.75,15.2,7.55,3.6,764.6,-0.4,5,-7.2,6.5
2023/11/16 17:00,17.75,0.415,20.5,45.7,13.65,8.15,0.9,765.7,1.1,2,-12.1,6.65
2023/11/16 20:00,27.75,0.57,42.35,23.05,26.15,10.3,-3.1,764.9,-0.9,2,-8.9,14.7
2023/11/16 23:00,31.22727273,0.631818182,41.36363636,16.86363636,31.22727273,10.95454545,-1.1,765.4,0.6,6,-8.5,17.40909091
2023/11/17 2:00,15.7,0.4,15.8,42.1,12.3,10,-2.8,764.7,-0.8,2,-10.6,5.75
2023/11/17 5:00,14.35,0.415,14.45,39.05,11.4,10.2,-4.7,764.5,-0.2,3,-13.5,5.05
2023/11/17 8:00,16.05,0.5,22.9,28.15,15.1,10.95,-5,764.8,0.3,2,-13.8,8.3
2023/11/17 11:00,16.05,0.455,13.75,37.4,15.75,10.3,-3.8,764.5,-0.3,3,-12.7,7.9
2023/11/17 14:00,26.45,0.435,17.05,34.3,25.4,8.2,-4.3,764.3,-0.2,2,-8.4,12.55
2023/11/17 17:00,43.15,0.45,23.85,33.35,43,9.65,-4.3,765.7,1.3,3,-7.9,23.05
2023/11/17 20:00,44.5,0.49,25.9,35.1,40.95,11,-4.8,767.5,1.7,3,-9.1,26.75
2023/11/17 23:00,62.95,0.55,21.75,49.95,60.2,11.85,-5.3,768.2,0.8,4,-10.3,44.05
2023/11/18 2:00,52,0.485,16.7,52.7,42.45,9.35,-5.8,768.1,-0.2,1,-10.2,36.15
2023/11/18 5:00,62.45,0.625,30,34.95,52.45,13.8,-5.7,767.4,-0.6,2,-9.1,44.7
2023/11/18 8:00,66.1,0.72,37.8,22.7,53.5,15.4,-6.2,768,0.6,2,-9.1,47.5
2023/11/18 11:00,54.4,0.715,25.7,46.45,48.2,14.9,-1.6,766.6,-1.4,4,-8.6,37.95
2023/11/18 14:00,38.1,0.765,22.7,56.3,32.85,13.75,0.9,764.3,-2.2,3,-8.6,26.2
2023/11/18 17:00,53.05,1.18,50,30.9,48.95,23.75,-1.7,763,-1.3,1,-8.7,37.1
2023/11/18 20:00,42,0.845,53.1,22.65,40.65,17.2,-4.4,761.6,-1.4,1,-8.5,28.95
2023/11/18 23:00,35.1,0.995,39.75,31.05,35.1,27.35,-4.5,760,-1.6,1,-7.3,22.2
2023/11/19 2:00,45.4,1,38.25,25.1,43.9,30,1.5,760.2,0.2,2,-4,28.25
2023/11/19 5:00,49.6,1.255,51.45,5.1,50.05,16.95,-2.8,761.2,0.9,1,-4.8,31.6
2023/11/19 8:00,56.8,1.2,53.4,8.3,57.55,22.1,0.5,762.7,1.5,1,-2.7,39
2023/11/19 11:00,22.55555556,0.425,16.1,59.15,22.5,11.94444444,6.1,763.6,1,3,-4.4,12.85
2023/11/19 14:00,22.5,0.344444444,12.45,65.95,17.8,9.7,6.3,764.3,0.7,3,-5.1,9.05
2023/11/19 17:00,22.2,0.4,28.3,47.85,20.75,12.3,2.3,766.6,2.2,1,-5.8,12.6
2023/11/19 20:00,43.3,0.82,67.2,7.85,47.7,12.8,-3,767.1,0.5,0,-6.1,28.2
2023/11/19 23:00,57.5,0.965,65.3,5.15,56.25,16.4,-4.8,767.3,0.3,0,-6.8,40.65
2023/11/20 2:00,53.05,0.875,57.6,5.55,52.1,34.15,-5.7,767.5,0.1,1,-7.1,36.7
2023/11/20 5:00,51.9,1.16,52.65,4.15,52.85,28.05,-6.5,767.5,0,1,-7.9,33.9
2023/11/20 8:00,61.7,2.215,51.65,6.45,65.65,32.9,-3.3,767.6,0.2,1,-4.7,45.25
2023/11/20 11:00,47.45,1.56,45.5,25.6,48.65,21.45,9.1,765.7,-1.8,2,-1.3,29.2
2023/11/20 14:00,41.5,0.67,22.1,63,41.5,15.05,12.6,763.8,-2,7,3.8,19.75
2023/11/20 17:00,44.45,0.775,41.65,42.25,44.6,16.25,9.6,763.5,-0.3,3,-0.6,23.85
2023/11/20 20:00,42.4,0.6,31.7,42.25,42.85,25.7,6.5,763.1,-0.4,2,-2.1,24.95
2023/11/20 23:00,36.05,0.56,24.45,50.9,35.75,20.5,6.4,762.1,-0.9,3,-0.1,22.4
2023/11/21 2:00,50.35,0.54,21.8,62,48.1,17.55,7.8,761.7,-0.3,3,0.1,32.8
2023/11/21 5:00,41,0.54,20.4,58.55,39.5,15.9,7.3,761.6,-0.1,2,1.4,26.3
2023/11/21 8:00,47.4,0.64,32.05,43.45,45.35,21.4,8.4,762.4,0.7,2,2.8,30.55
2023/11/21 11:00,65.9,0.725,30.25,58.3,68.3,17.65,13.4,762,-0.3,4,5.1,46.15
2023/11/21 14:00,123.4090909,0.977272727,32.27272727,82.68181818,125.2727273,14.5,13.3,761.2,-0.9,3,5.9,93.31818182
2023/11/21 17:00,131.05,0.89,46.95,67.2,128.3,15.1,11.8,761.8,0.7,1,6.7,99.55
2023/11/21 20:00,94.9,1.045,50.05,35.8,91.75,35.25,9.2,762.2,0.4,1,5,70.1
2023/11/21 23:00,63.85,1.06,41.35,41.5,65.1,18.8,7.8,762,-0.2,0,4.6,45.75
2023/11/22 2:00,56.6,0.845,32.15,57.6,62.6,21.65,7,761.5,-0.6,0,4.3,39.05
2023/11/22 5:00,53.5,0.815,34.5,56.05,51.6,14.7,6.9,759,-2.4,0,4.7,36.5
2023/11/22 8:00,58.7,0.855,42.3,58.85,54.85,15.8,8.6,758.8,-0.2,1,6.4,41.55
2023/11/22 11:00,68.16666667,0.833333333,39.7,64.35,55,20.35,12.3,756.7,-2.1,2,6.6,48.1
2023/11/22 14:00,85.15,0.925,40.95,28.2,80.9,12.5,10,755.2,-1.6,3,7.2,62.7
2023/11/22 17:00,69.3,1.01,35.8,28.5,66.4,10.4,5.6,756.7,1.6,3,2.6,50.15
2023/11/22 20:00,84.8,0.895,28.1,32.8,79.65,9.55,2.8,759.7,2.9,2,-0.5,62.4
2023/11/22 23:00,41.7,0.48,20.65,39.15,39.85,8.6,1.9,761.2,1.5,3,-2.6,28.55
2023/11/23 2:00,21.9,0.405,17.55,38.5,22.8,8.95,0.5,761.8,0.6,2,-3.8,13.7
2023/11/23 5:00,17.35,0.43,13.35,39.2,14.6,8.5,-0.7,762.7,0.8,3,-5.7,10.1
2023/11/23 8:00,18.2,0.43,17.55,40.05,15.3,8.45,-3.2,764.8,2,4,-8.1,9.35
2023/11/23 11:00,18.55,0.36,14.2,50.6,15.75,8.3,-4.5,765.9,1.1,3,-10.3,9.55
2023/11/23 14:00,19.2,0.35,10.4,58.7,14.3,7.7,-4.5,766.9,1.1,4,-10.9,5.95
2023/11/23 17:00,23.75,0.46,18.35,50.55,22.25,8.85,-5.6,769,1.9,3,-10,9.2
2023/11/23 20:00,22.05,0.495,22.15,45.4,21.75,10.2,-6.5,770.8,1.9,2,-9.4,11.2
2023/11/23 23:00,24.8,0.37,10.3,49.7,24.8,8.55,-7.8,772.3,1.4,4,-15,6.15
2023/11/24 2:00,24.5,0.345,7.8,53.95,23.75,8.2,-10.3,773.4,1.1,4,-18.3,4.7
2023/11/24 5:00,18.3,0.37,9.05,51.45,15.8,8.35,-10.9,774.2,0.8,3,-19.1,4.2
2023/11/24 8:00,19.9,0.46,17.9,42.45,18.55,9.7,-10.5,775.8,1.5,4,-20.4,8.6
2023/11/24 11:00,20.1,0.405,7.65,55.2,17.95,9.45,-8.5,776.8,1.1,3,-18.8,6.65
2023/11/24 14:00,19.5,0.45,8.15,57.3,16.7,8.65,-6.5,776.5,-0.4,2,-17.9,6.15
2023/11/24 17:00,20,0.495,16.4,48.4,19.65,8.7,-7.6,777.4,0.9,2,-19.5,8.25
2023/11/24 20:00,42,0.66,35.4,28.8,43.1,10.05,-8,778.1,0.7,2,-20.1,24.1
2023/11/24 23:00,38,0.735,40.85,21.35,39.2,11.65,-13.5,778.2,0.1,1,-16.7,19.8
2023/11/25 2:00,57.85,0.83,50.65,7.6,61.85,20.75,-13.7,778.5,0.3,1,-16.1,39.3
2023/11/25 5:00,52.05,0.975,46.2,7.9,50.55,27.7,-14.5,778.1,-0.4,0,-16.7,30.65
2023/11/25 8:00,56.1,1.12,44.5,8,57.25,33.85,-10.9,778.3,0.2,1,-15.5,36.6
2023/11/25 11:00,48.8,1.12,32.85,34.35,51.55,25.65,-4.3,776.8,-1.4,2,-17.5,29.3
2023/11/25 14:00,29.25,0.665,20.75,50.65,28,13.2,-1.9,773.7,-3.1,2,-17.6,15.05
2023/11/25 17:00,30.8,0.775,41.5,28.55,30.8,15,-2.3,771.7,-2,1,-13.8,18.45
2023/11/25 20:00,46.25,0.66,25.55,37.75,51.05,12.9,-3.7,771.4,-0.3,2,-5.5,21.8
2023/11/25 23:00,29.7,0.725,25.35,35.55,28.35,12.95,-3.6,769.9,-1.5,1,-6.4,17.25
2023/11/26 2:00,33.3,0.64,31,29.7,31.35,26.75,-3,769,-0.7,1,-5.8,21.35
2023/11/26 5:00,37.15,0.795,42.15,12.65,34.15,15.7,-6.6,769,-0.1,1,-8,24.35
2023/11/26 8:00,85.05,0.94,34.55,13.75,78.8,13.2,-4.1,769.9,0.8,2,-6.7,62.8
2023/11/26 11:00,94.54545455,0.963636364,25.36363636,24.77272727,90.54545455,13,-2.7,769,-0.8,1,-7,70.18181818
2023/11/26 14:00,86.95,1,31.95,30.4,80.4,13.55,-1.4,766.9,-2,2,-7.3,65.45
2023/11/26 17:00,84.5,0.93,46.4,16.85,74.7,11.65,-3.9,765.9,-1.6,2,-8,62.25
2023/11/26 20:00,92,0.87,42.9,16.35,81.25,10.5,-4.6,765.2,-1.2,1,-8.2,68.25
2023/11/26 23:00,99.9,1.01,51.35,5.9,88.5,10.95,-5,764,-0.8,1,-6.4,74.6
2023/11/27 2:00,102.85,0.995,48.3,4.85,92.25,12.25,-4.8,763,-0.4,1,-6.6,76.95
2023/11/27 5:00,100.75,0.94,43.4,8.65,84.7,11.25,-5,762.1,0,1,-7.1,75.35
2023/11/27 8:00,109.2,1.04,43.6,9.5,91,12.15,-4.8,762.7,0.4,2,-7.2,82.15
2023/11/27 11:00,125,1.11,34,26.75,107.3,13.45,-4.2,763.3,0.8,2,-7.8,94.75
2023/11/27 14:00,68.75,0.73,20.4,61.6,58.05,10.05,-4.9,763.7,1.2,3,-10.1,49.55
2023/11/27 17:00,54.95,0.735,36.9,40.8,46.2,11.15,-5.3,765.4,1.6,2,-10.8,38.9
2023/11/27 20:00,47.2,0.755,45.1,28.15,41.05,11.55,-5.5,766.5,1.2,2,-15,32.85
2023/11/27 23:00,34.6,0.65,40.1,28.5,32.45,10.75,-11.3,767.5,0.9,1,-15,21.5
2023/11/28 2:00,19.95,0.505,13.65,53.4,15.15,8.3,-9,767.9,0.5,3,-19.6,7.2
2023/11/28 5:00,19.05,0.48,21.5,46.9,13.15,11.15,-12.9,767.8,-0.2,1,-19.4,6.2
2023/11/28 8:00,30.55,0.75,50.65,16.65,27.45,18.45,-12.8,768.4,0.6,1,-17.6,17.2
2023/11/28 11:00,37.7,0.7,25.55,50.2,34.7,22.3,-6.5,769,0.6,3,-16.5,20
2023/11/28 14:00,27.3,0.525,19.3,60.25,26.3,13.4,-4.6,767.6,-1.3,3,-16.5,16.85
2023/11/28 17:00,27.2,0.52,36.4,44.55,26,13.5,-6.9,767.8,0.1,1,-15.6,18.05
2023/11/28 20:00,74.05,0.885,72.45,8.9,60.5,16.1,-11.4,768.5,0.6,0,-15.3,54.05
2023/11/28 23:00,101,1.2,72,7.6,84.7,21.85,-13.3,769.3,0.9,0,-16,75.3
2023/11/29 2:00,74.8,0.985,57.05,13,72,16.45,-8.4,769.9,0.6,3,-16,54.6
2023/11/29 5:00,19.05,0.485,18.85,45.95,16.05,12.85,-9.1,770.5,0.6,4,-18.9,10.85
2023/11/29 8:00,22.15,0.495,34.6,35.45,18.8,14.75,-9.4,771.7,1.2,2,-17.9,12.4
2023/11/29 11:00,21.55555556,0.411111111,13.1,65.35,14.15,8.6,-6.7,772,0.2,5,-19.3,6.5
2023/11/29 14:00,24,0.435,7.8,70.55,13.35,7.4,-6.1,771.6,-0.3,5,-19.1,3.85
2023/11/29 17:00,23.05,0.5,19.6,57.7,19.45,9.15,-6.4,772.9,1.3,3,-17.2,8.35
2023/11/29 20:00,31.1,0.625,36.6,36.9,30.6,13.2,-6.9,773.7,0.8,3,-17.7,17.15
2023/11/29 23:00,24.7,0.595,26.45,43.6,24.2,10.9,-7.8,774.7,1,3,-18.5,16.2
2023/11/30 2:00,23.55,0.575,28.75,37.9,23.35,12.1,-8.9,775.1,0.4,2,-18.2,14.2
2023/11/30 5:00,22.7,0.54,27.1,38.1,22.5,12.65,-10.6,774.9,-0.2,2,-18.1,9.15
2023/11/30 8:00,33.9,0.71,41.5,24.8,33.6,15.25,-10,774.9,0,2,-17.5,16.65
2023/11/30 11:00,24.15,0.56,16.25,55,25.9,12.6,-6.5,774.4,-0.5,3,-18.5,12.65
2023/11/30 14:00,23.95,0.5,14,63.65,21.25,11.4,-4.4,772.8,-1.6,3,-17.2,12.3
2023/11/30 17:00,31.45,0.58,29.45,48.45,30.1,11.35,-6.4,772.6,-0.2,2,-15.9,18.3
2023/11/30 20:00,68.45,0.905,68.55,11.45,69.1,18,-10.2,772.6,0,1,-15.7,48.3
2023/11/30 23:00,87.1,1.1,69.6,6,83.65,21.6,-12.3,772,-0.6,1,-16.3,64.35
2023/12/1 2:00,73.4,1.11,56.6,9.85,81.8,17.15,-13,771.5,-0.5,1,-16.2,52.8
2023/12/1 5:00,35.3,0.68,35,29.25,35.9,13.15,-11,771.4,-0.1,1,-16.5,17.05
2023/12/1 8:00,43.68181818,0.931818182,45.95454545,18.18181818,44.72727273,15.13636364,-11.1,771.8,0.3,1,-15,25.45454545
2023/12/1 11:00,42.9,0.745,31.1,42.55,47.7,16.6,-4.9,771.4,-0.3,2,-16.1,22
2023/12/1 14:00,34.2,0.56,23.2,56.6,35,13.7,-3.3,770.2,-1.2,3,-16.6,17.95
2023/12/1 17:00,30.4,0.595,36.85,43.35,31.6,13.3,-7,769.7,-0.5,1,-15.4,16.8
2023/12/1 20:00,49.15,0.965,59,20.3,50.9,20.25,-10.1,768.9,-0.8,0,-16.4,31.05
2023/12/1 23:00,46.1,1.21,56.9,18.3,46.65,21.25,-11.3,767.6,-1.3,1,-15.3,25.55
2023/12/2 2:00,48.45,1.735,61.25,12.15,51.95,28.95,-11.1,766.6,-1,1,-14.7,27.25
2023/12/2 5:00,48.1,1.45,51.4,13.25,47.45,27.4,-10.5,766.4,-0.2,0,-14.2,25.65
2023/12/2 8:00,59.45,1.495,57.1,8.5,61.65,21.85,-6.8,767.3,0.9,1,-10.5,36.9
2023/12/2 11:00,65.3,1.215,48.3,30.05,70.8,26,0.2,767.5,0.2,3,-10.3,45.5
2023/12/2 14:00,23.55,0.445,11.9,64.9,19.95,8.65,-0.2,768.1,0.7,4,-12.5,8.5
2023/12/2 17:00,25.2,0.44,19.6,57,23.65,8.05,-2.9,770.1,1.9,2,-13.4,10.7
2023/12/2 20:00,43.85,0.635,53.95,20.9,45.2,13,-7.8,770.9,0.8,1,-13.6,24.6
2023/12/2 23:00,75.15,1.1,69.95,5.65,82.1,14.55,-11,771.6,0.8,0,-13.9,53.25
2023/12/3 2:00,76.25,1.16,63.65,5.35,83.85,15.45,-12.3,771.8,0.1,1,-14.3,54.85
2023/12/3 5:00,61.36363636,1.022727273,51.04545455,8.045454545,66.5,17.90909091,-13.7,771.3,-0.5,0,-15.5,40.59090909
2023/12/3 8:00,68,1.7,51.05,6.95,76.9,25.05,-10.7,771.3,0,2,-13,48.35
2023/12/3 11:00,62.65,1.48,42.4,32.75,68.4,22.45,0.5,769.8,-1.4,2,-10.3,41.35
2023/12/3 14:00,43.75,0.905,28.85,52.85,49.4,16.75,5.1,766.9,-2.9,3,-7.1,18.25
2023/12/3 17:00,45.4,0.715,43.25,34.7,46.15,16.6,1.5,765.7,-1.3,2,-6.1,24.3
2023/12/3 20:00,42.55,0.79,32.4,41.65,43.45,14.15,0.4,765,-0.6,3,-7.8,21.35
2023/12/3 23:00,44,0.635,24.3,48.45,43.4,13.85,1.4,763.9,-0.9,2,-4.9,23.65
2023/12/4 2:00,41.5,0.61,22.2,50.75,41.5,12.55,1.7,763,-0.9,2,-5.7,20.15
2023/12/4 5:00,51.85,0.64,21.45,52.5,60.85,14,3.4,761.6,-1.5,3,-4.5,23.7
2023/12/4 8:00,56.55,0.73,42.05,31.1,56.65,13.75,1.9,762.2,0.6,2,-3.6,37.8
2023/12/4 11:00,87.1,0.88,38.45,41.3,84.05,17,7,761.8,-0.3,3,-1.7,64.45
2023/12/4 14:00,104.7,1.095,45.1,47.05,107.65,20.05,7.5,760.9,-0.9,3,-4.3,78.65
2023/12/4 17:00,99.59090909,1.109090909,73.5,16.18181818,104.8636364,18.63636364,1.1,762.3,1.3,0,-4.5,74.45454545
2023/12/4 20:00,137.95,1.69,87.15,7.5,150.15,18.9,-2.7,762.8,0.5,0,-4.9,104.95
2023/12/4 23:00,169.4,2.245,80.5,7.15,181.65,15.7,-4.4,763.1,0.3,0,-5.6,131.7
2023/12/5 2:00,183.1,2.085,66.65,6.45,185.6,16.1,-5.6,762.4,-0.7,0,-6.7,139.25
2023/12/5 5:00,174.4,1.98,56.75,5.4,173.6,22.5,-6.6,761.2,-1.2,0,-7.7,131.75
2023/12/5 8:00,142.35,1.895,63.9,6.2,134.75,20.2,-5.1,761.1,-0.2,0,-5.9,107.9
2023/12/5 11:00,115.05,1.125,40.95,54.2,102.2,17.15,7.8,759.8,-1.2,3,0.3,84.4
2023/12/5 14:00,87.75,0.79,26.5,90.5,83.15,12.85,9.6,757.8,-1.9,4,-0.6,64.95
2023/12/5 17:00,105.95,0.88,41.55,80.3,102.7,14.95,4.5,757.9,0,1,-1.1,79.45
2023/12/5 20:00,122.4,0.955,53.25,57.25,115.25,15.25,0.6,758.5,0.6,1,-1.8,92.55
2023/12/5 23:00,109.2,1.04,44.1,60.15,103.75,17.05,-1.2,758.3,-0.1,1,-2.5,82.15
2023/12/6 2:00,131.35,1.225,44.85,44,122.15,16.85,3.8,758.8,0.6,2,-0.6,99.75
2023/12/6 5:00,178,1.315,59.8,8.85,174.6,18.1,0.3,758.5,-0.4,0,-1.1,134.4
2023/12/6 8:00,72.25,0.9,48,17.45,63.3,13.45,3.2,759.1,0.5,2,-5.2,52.6
2023/12/6 11:00,23.38888889,0.405555556,16.61111111,48.5,19.5,9.4,4.3,758.9,-0.2,3,-8.4,6.555555556
2023/12/6 14:00,19.13636364,0.363636364,13.45454545,51.86363636,11.95454545,8.863636364,4,758.2,-0.6,4,-10.1,4.181818182
2023/12/6 17:00,18.6,0.405,22.75,47.1,13.9,8.3,0.7,759.4,1.1,3,-13.7,6.35
2023/12/6 20:00,22.05,0.48,34.4,38.8,19.1,13.6,-2,759.6,0.2,1,-15.1,10.35
2023/12/6 23:00,27.81818182,0.563636364,41.5,25.40909091,26.54545455,13.18181818,-3.6,758.9,-0.7,0,-11.8,14.27272727
2023/12/7 2:00,24.75,0.575,42.1,24.3,23.45,14.75,-6.6,758.2,-0.7,1,-12.3,10.45
2023/12/7 5:00,34.55,0.865,56.35,7.1,34.05,21.65,-8.8,757.3,-0.9,2,-12.3,14.8
2023/12/7 8:00,52.36363636,1.245454545,51.13636364,8.863636364,54.81818182,18.86363636,-6.2,758.4,1,1,-9.9,26.09090909
2023/12/7 11:00,58.25,1.545,49.1,21.25,66,33.95,1.8,758.7,0.4,2,-11,33
2023/12/7 14:00,58.90909091,1.286363636,51.81818182,23.81818182,67.36363636,26.77272727,3.7,756.8,-1.9,2,-10,34.13636364
2023/12/7 17:00,69.9,1.54,68.15,7.05,89.15,22.15,1.7,755.8,-1.1,1,-7.1,45.3
2023/12/7 20:00,68.25,1.08,50.4,19.7,86,17,1.1,755.5,-0.1,0,-6.9,35.55
2023/12/7 23:00,90.25,0.94,34.6,42.2,129.9,15.8,0.7,754.1,-1.4,1,-4.3,39.35
2023/12/8 2:00,95.05,0.815,21.55,61.3,139.85,11.8,2.6,753.1,-1,1,-0.5,43.6
2023/12/8 5:00,88.35,0.71,19.4,67,126.35,10.6,0.8,752.4,-0.7,1,-0.8,42.6
2023/12/8 8:00,97.3,0.84,31.35,51.15,144.25,11.45,7.8,752.7,0.4,3,2.9,58.4
2023/12/8 11:00,101.35,0.88,28.25,61.45,147.5,12.05,13.1,752.5,-0.3,4,3.7,68.05
2023/12/8 14:00,101.3,0.77,35.8,64.9,148,12.1,13.9,752.7,0.3,3,3.4,68.4
2023/12/8 17:00,130.8,1.19,73.4,18.65,188.7,17.55,11,755.8,3,2,3.1,98.45
2023/12/8 20:00,47.95,0.385,21.25,48.95,52.45,12.4,3.1,761,5.2,5,-8.6,10.95
2023/12/8 23:00,36.65,0.365,13.4,50.85,37.1,9.95,-1.8,764.3,3.3,4,-13.6,7.35
2023/12/9 2:00,25.15,0.365,12.5,48.35,24.85,10.7,-4.3,766.1,1.8,3,-16.2,6.55
2023/12/9 5:00,21.05,0.38,10.5,49.35,19.85,10.95,-6.6,767.8,1.7,3,-17.1,5.7
2023/12/9 8:00,26.1,0.415,18.05,41.45,25.6,9.85,-7,770.2,2.2,4,-17.8,9.15
2023/12/9 11:00,25.55,0.405,14.15,50.85,23.35,10.9,-2.5,771.4,1.2,3,-18.9,9.2
2023/12/9 14:00,26.95,0.405,12.75,55.1,26.75,10.85,-2.2,771.8,0.4,4,-17.4,11.35
2023/12/9 17:00,28.5,0.415,20.15,45.95,28.5,10.85,-4.5,773.2,1.3,3,-17.3,13
2023/12/9 20:00,40.2,0.535,30.55,33.7,39,11.85,-6.6,774.7,1.5,2,-18.9,22.5
2023/12/9 23:00,36.15,0.52,31.05,31.05,36.5,11.1,-7.6,775.7,1,2,-18.6,20.7
2023/12/10 2:00,43.8,0.515,24.9,31.1,44.6,11.2,-9.3,777.1,1.4,4,-19.8,24.35
2023/12/10 5:00,19.95,0.405,13.15,46.1,19.95,9.85,-11.3,778.6,1.5,3,-23.7,8.05
2023/12/10 8:00,19.9,0.415,15.8,44.45,19.9,10.5,-12.1,779.7,1,4,-25.1,8.4
2023/12/10 11:00,23.55,0.445,11.6,51.4,23.1,9.95,-9.9,780,0.3,4,-23.1,10.75
2023/12/10 14:00,29.55,0.415,12.25,51.2,29.55,8.7,-8.9,779.4,-0.6,4,-22.3,12.7
2023/12/10 17:00,28.4,0.445,17.4,43.7,28.4,8.35,-10.2,779.6,0.2,4,-22.1,12.25
2023/12/10 20:00,38.4,0.49,20.2,37.75,38.5,8.9,-11.4,779.7,0,4,-21.2,19.25
2023/12/10 23:00,47.25,0.54,20.05,33.9,46.65,9.5,-11.8,779.2,-0.3,3,-20.4,26.05
2023/12/11 2:00,44.2,0.575,22.8,28.45,43.25,10.25,-12,778.2,-1.1,2,-20.3,26.05
2023/12/11 5:00,36.35,0.55,20.2,32.25,35.3,9.95,-10.9,776.6,-0.6,4,-20.8,21.85
2023/12/11 8:00,36.4,0.565,23.6,29.55,36.4,10.9,-10.2,776.5,-0.1,3,-20.9,19.8
2023/12/11 11:00,43.6,0.565,20.65,35.65,43.75,9.8,-9.5,775,-1.4,4,-21.2,20.5
2023/12/11 14:00,53.65,0.515,17.25,42,55.7,8.05,-9.2,773.8,-1.3,5,-22.2,15.75
2023/12/11 17:00,53.5,0.6,22.6,37.1,57.8,8.55,-9.2,773.5,-0.2,5,-22.5,18.05
2023/12/11 20:00,54.95,0.65,27.45,30.3,61.7,10.4,-10.8,773.8,0.2,5,-21.2,25.95
2023/12/11 23:00,59.7,0.625,18.9,37.6,68.7,9.95,-12.3,774.2,0.4,4,-20.1,34.5
2023/12/12 2:00,58.3,0.63,20.3,34.65,66.2,9.2,-14.1,774,0.466666667,4,-20.2,34.85
2023/12/12 5:00,50.85,0.615,19.85,34.3,52.2,9,-15.2,773.9,0.533333333,3,-21,31.1
2023/12/12 8:00,54.6,0.74,29.7,23,56.2,10.85,-15.2,774.6,0.6,3,-20.7,35.1
2023/12/12 11:00,58.35,0.775,25.9,32.15,61.9,13,-11.4,773.6,-0.9,2,-20,40.55
2023/12/12 14:00,58.15,0.765,29,36.5,61.2,15.3,-8.3,771.4,-2.1,2,-20.1,40.95
2023/12/12 17:00,59.45,0.755,39.9,26.05,62.6,14.8,-9.5,772.6,1.1,2,-20.3,42
2023/12/12 20:00,79.15,0.825,43.7,19.15,87,13,-10.5,773.4,1,2,-20.1,57.75
2023/12/12 23:00,88.4,0.92,46.3,11.25,93.1,17.35,-11.5,774.3,0.9,2,-19.6,65.35
2023/12/13 2:00,100.5,0.96,42.7,9.5,115.3,15.05,-12.6,775.8,1.5,2,-19,69.75
2023/12/13 5:00,92.25,1.01,42.9,7.15,98.1,14.9,-13.8,775.2,-0.6,2,-18.6,68.65
2023/12/13 8:00,97.9,1.155,41.6,6.65,99.3,15.8,-13.3,775.6,0.4,4,-18.1,73
2023/12/13 11:00,107.7,1.105555556,38.05555556,14.35,110.75,14.35,-10.5,775.9,-0.3,3,-17.4,80.8
2023/12/13 14:00,99.05555556,1.05,35.4,26.1,108.7222222,14.4,-7.1,775,-1,2,-16.5,73.83333333
2023/12/13 17:00,66.4,0.82,41.05,26.7,76.55,12.95,-6.3,775.7,0.7,2,-18.6,46.4
2023/12/13 20:00,58.7,0.78,36.35,25.85,67.15,12.35,-7.6,776.2,0.5,5,-17.5,34.15
2023/12/13 23:00,64.95,0.83,37.5,18.9,78.95,14,-8.5,776.3,0.1,4,-18.6,44.2
2023/12/14 2:00,67.75,0.865,39,17.6,83.2,14.5,-8.7,776.7,0.5,4,-18,45.7
2023/12/14 5:00,55.2,0.735,30.1,25.85,60.5,13.55,-8.8,776.4,-0.3,4,-18.6,30.8
2023/12/14 8:00,54.45,0.69,28.55,28.3,57.05,11.35,-9.6,776.5,0.1,4,-15.7,24.1
2023/12/14 11:00,72.2,0.78,30.35,29.55,95.1,12.7,-9.3,775.9,-0.6,5,-15,42.35
2023/12/14 14:00,84.9,0.815,31.9,33.45,117.65,13,-8.5,773.9,-2,5,-17.8,55.9
2023/12/14 17:00,106.4,0.97,49.25,20.7,158.7,13.95,-9.2,773,-0.9,5,-16.2,72.95
2023/12/14 20:00,103.35,0.88,38.65,26.8,152.6,11.55,-10.8,772.1,-1,6,-15.2,68.05
2023/12/14 23:00,87.2,0.725,27.45,39.8,123.8,10.35,-12.4,772,0,5,-15.3,36.5
2023/12/15 2:00,128.65,0.65,24,44.25,202.2,9.95,-13.1,771.3,-0.8,7,-16.1,25.95
2023/12/15 5:00,130.65,0.615,18.95,48.55,197.35,10.3,-13.3,770.7,-0.6,6,-16.6,17.4
2023/12/15 8:00,97.25,0.575,18.55,50.7,146.7,9.9,-13.8,770.6,0.5,5,-17.4,16.9
2023/12/15 11:00,89.4,0.585,13.3,59.45,129.5,9.65,-13.1,772.2,1.6,7,-18.5,20
2023/12/15 14:00,82.55,0.47,12.75,62.6,115.35,8.4,-13.3,771.4,-0.8,6,-20,16.45
2023/12/15 17:00,72.45,0.495,16.25,57.45,96.65,8.65,-13.7,772.6,1.1,4,-21.2,18.4
2023/12/15 20:00,65.95,0.485,13.3,59.85,85.7,8.8,-14,771.1,-1.4,4,-21.9,20.7
2023/12/15 23:00,52.3,0.47,13.05,57.45,61.15,9.65,-14.9,771.4,0.2,5,-21.3,16.3
2023/12/16 2:00,43.35,0.47,16.1,51.6,44.45,11.8,-15.6,771.1,-0.2,4,-18.9,12.2
2023/12/16 5:00,32.95,0.48,13.6,51.45,32.35,11.4,-15.6,770.8,-0.4,5,-20,9.7
2023/12/16 8:00,33.45,0.49,16.5,47.55,32.85,13.3,-15.4,771.7,1,2,-19.3,11.45
2023/12/16 11:00,35.9,0.47,11.6,57.75,35.5,9.05,-14.1,772.2,0.4,4,-21.2,14.4
2023/12/16 14:00,30.9,0.415,11.9,59.6,30.4,9.45,-13.9,772.3,0.1,4,-20.4,10.45
2023/12/16 17:00,28.5,0.54,24.9,50.15,28.2,11.8,-14.5,774.2,2,4,-23.8,13.05
2023/12/16 20:00,45.5,0.57,32.7,38.7,45.15,14.85,-15.3,775.3,1.1,4,-24.6,23.5
2023/12/16 23:00,39.35,0.54,30.9,38.95,39.35,16.8,-16.7,776,0.7,2,-25.1,16.75
2023/12/17 2:00,30.7,0.515,29.2,39.05,30.7,14.8,-18.2,776.9,0.8,2,-25.2,12.65
2023/12/17 5:00,29.8,0.53,26.2,39.9,29.8,14.55,-21.3,777.1,0.1,2,-26.7,12.25
2023/12/17 8:00,37.85,0.69,38.25,28,39.3,18,-22.1,777.7,0.7,1,-25.8,21.2
2023/12/17 11:00,32.05,0.54,18.8,54.45,32.05,16.95,-14.6,777.9,0.2,3,-25.8,17.1
2023/12/17 14:00,28.55,0.51,17.25,61.6,28.25,14.65,-12.8,777.1,-0.8,3,-25.4,16.7
2023/12/17 17:00,45.45,0.645,38.65,41.25,42.15,15.7,-15.6,777.7,0.5,1,-24.8,30.45
2023/12/17 20:00,65.5,0.91,55.45,22.6,62.4,18.15,-20.3,777.7,0,1,-24.8,46.4
2023/12/17 23:00,54.5,1.015,57.3,15.35,52.05,22.8,-21.9,778.9,1.3,0,-25.9,37.2
2023/12/18 2:00,65.4,1.395,62.15,8.6,64.7,25.75,-22.8,778.8,-0.1,1,-25.9,46
2023/12/18 5:00,87.7,2.045,62.25,5.5,89.6,32.8,-21.6,777.8,-1,2,-25.1,65.4
2023/12/18 8:00,104.4,1.855,55.25,8.8,104.15,22.25,-20.6,778.8,0.9,1,-23.9,78.7
2023/12/18 11:00,118.85,1.955,49.65,26.3,112.55,29.05,-13,778.4,-0.3,1,-22.4,89.7
2023/12/18 14:00,64.4,1.3,39.3,46.75,59.25,22.3,-8.5,776.8,-1.7,1,-20.3,45
2023/12/18 17:00,52.75,1.085,55.2,29.45,47.35,17.9,-13,775.9,-0.9,1,-18.7,37.3
2023/12/18 20:00,97.7,1.42,79.9,8.45,99.15,18.25,-15.4,775.5,-0.3,1,-19.1,72.75
2023/12/18 23:00,114.05,1.79,73.9,6.55,105.15,22.4,-14.5,775,-0.5,2,-19.3,85.8
2023/12/19 2:00,87.7,1.565,60.3,8,85.95,16.95,-13,773.7,-1.2,1,-15.3,64.95
2023/12/19 5:00,69.25,1.405,51.25,13.6,64.45,14.4,-12.1,772.4,-1.3,1,-14.2,49.8
2023/12/19 8:00,93.8,1.4,59.25,8.25,82.5,17,-11.9,773.9,1.5,2,-14.5,69.75
2023/12/19 11:00,103.15,1.115,38.75,36.7,84.2,24.55,-12.1,775,1.1,3,-16.6,77.1
2023/12/19 14:00,67.1,0.66,25.1,54.6,61.5,13.8,-12.6,775.7,0.7,4,-17.6,48.4
2023/12/19 17:00,41.15,0.535,25.8,51.45,39.4,13.6,-14.1,777.4,0.85,3,-18.9,27.7
2023/12/19 20:00,48.5,0.6,31.85,39.8,41.5,14.2,-15.3,778.3,1,3,-21.5,33.85
2023/12/19 23:00,60.45,0.685,42.55,24.55,48.75,13.3,-18.3,778.6,0.1,0,-22.1,43.15
2023/12/20 2:00,25,0.535,18.75,47.95,23.3,12.65,-17.6,778.5,0,3,-26.4,15
2023/12/20 5:00,21.85,0.555,27.7,39.05,19.85,12.55,-18.7,777.5,-1,2,-26.8,11.95
2023/12/20 8:00,23.85,0.625,34.55,32.45,20.2,14.5,-18.9,777.4,-0.1,2,-27.4,14.75
2023/12/20 11:00,23.38888889,0.466666667,12.38888889,57.45,21.88888889,11.05,-17.4,776.8,-0.7,3,-27.8,12.55
2023/12/20 14:00,20.25,0.42,10.7,61.95,17.4,9.05,-16.8,775.6,-1.2,3,-27.8,11.3
2023/12/20 17:00,23.05,0.465,22.3,48.85,17.65,10.2,-17.6,775.9,0.3,3,-27.2,14.85
2023/12/20 20:00,39.45,0.635,43.1,28.35,29.1,14.5,-22.4,776.4,0.5,1,-27.4,27.45
2023/12/20 23:00,60.475,0.8225,49.625,19.65,54.975,13.425,-25.6,776.5,0.1,1,-28.7,43.65
2023/12/21 2:00,81.5,1.01,56.15,10.95,80.85,12.35,-26.9,776.7,0.2,1,-29.7,59.85
2023/12/21 5:00,45.65,0.695,34.2,28.95,41.5,11.6,-27.9,776.8,0.1,1,-31.1,26.05
2023/12/21 8:00,60.2,1.02,49.3,14.15,59.25,14.45,-26,777.4,0.5,1,-28.8,39.3
2023/12/21 11:00,61.95,0.905,34.95,35.35,64.8,21,-17.5,777.2,-0.1,3,-26.1,42.35
2023/12/21 14:00,31.6,0.455,16.4,56.1,31.6,11.2,-14.9,776.4,-0.8,3,-25,16
2023/12/21 17:00,25.7,0.47,25.5,46.6,22.5,9.75,-15.2,777.4,1,3,-24.2,14.9
2023/12/21 20:00,35.85,0.62,44.2,27.35,33.1,14.3,-19.5,778,0.6,1,-24.8,23.7
2023/12/21 23:00,80.85,1.07,61.3,13.45,80.45,12.95,-23.9,778.6,0.6,1,-27.1,59.05
2023/12/22 2:00,124.3,1.455,64.9,7.25,131.8,13.15,-25.2,778.9,0.3,1,-27.9,94.15
2023/12/22 5:00,122.85,1.57,60.15,6.4,114.7,14.7,-26.4,778.6,-0.3,1,-29.4,92.7
2023/12/22 8:00,112.85,1.68,59.15,7,109.65,16,-25,779.2,0.6,1,-27.7,84.95
2023/12/22 11:00,116.3,1.805,50.45,25.6,115.75,28.5,-14.4,779.2,0,3,-22.5,85.95
2023/12/22 14:00,58.5,0.97,36.95,45.45,60.65,21.1,-11.4,778.4,-0.7,3,-21.2,39.1
2023/12/22 17:00,51.2,1.02,58.25,23.1,51.75,18.95,-14.4,778.6,0.1,1,-20.7,34.9
2023/12/22 20:00,70.25,1.345,74.2,8,72.2,24.55,-17.9,778.7,0.1,1,-21.4,50.7
2023/12/22 23:00,79.4,1.455,71.4,8.4,77.45,28.2,-20,778.6,0,0,-22.7,57.5
2023/12/23 2:00,100.55,2.08,70.9,5.8,104,33.2,-18.4,778.1,-0.4,2,-21.1,75.05
2023/12/23 5:00,100.05,2.17,64,5.5,105.05,31.4,-19.4,778,-0.2,1,-22.3,74.7
2023/12/23 8:00,110.25,2.065,58.6,6.9,105.75,29,-19,778.6,0.5,2,-21.9,82.85
2023/12/23 11:00,153.9,2.3,58.9,18.55,144.35,35.45,-10.8,778.5,0,1,-18.1,116.95
2023/12/23 14:00,114.8888889,1.6,65.5,23.94444444,104.1666667,35.05555556,-6.7,776.8,-1.6,1,-15.2,86.72222222
2023/12/23 17:00,132.5,1.955,88.2,8.65,122.8,35.25,-9.4,776.8,0,1,-15.1,99.8
2023/12/23 20:00,209.55,2.67,92.25,7.5,199.95,23.1,-9.6,776.7,-0.2,0,-14.6,164.55
2023/12/23 23:00,207.75,2.865,87,7.25,205.8,22.85,-12.4,775.7,-0.9,0,-15.6,162.1
2023/12/24 2:00,164.4,2.58,81.1,5.65,151.4,26.2,-12.3,775,-0.6,0,-14.9,125.45
2023/12/24 5:00,128.85,2.4,74.65,4.65,120.95,23.85,-13,774,-1.1,0,-15.3,97.25
2023/12/24 8:00,136.9,2.545,69,4.4,131.15,26.55,-11.1,774.1,0.2,0,-12.7,103.3
2023/12/24 11:00,132.65,1.47,42.05,25.2,122.9,21.85,-5.5,773.7,-0.4,2,-9.7,100.3
2023/12/24 14:00,146.2,1.6925,60,20.35,136.475,20.875,-4.6,771.7,-2,3,-10.4,110.65
2023/12/24 17:00,159.75,1.915,77.95,15.5,150.05,19.9,-7.6,771.7,-0.1,1,-11.1,121
2023/12/24 20:00,199.2,2.085,89.4,6.2,198.6,17.5,-12.8,772,0.4,0,-14.8,155.7
2023/12/24 23:00,206,2.28,86.7,6,213.7,16.95,-15.9,772.2,0.1,0,-17.8,160
2023/12/25 2:00,227.2,2.64,85.2,6.3,215.3,16.55,-18.1,772.1,-0.1,0,-20.3,177.2
2023/12/25 5:00,217.3,2.69,74.7,6.05,203.75,15.5,-19.5,772.3,0.2,0,-21.9,168.75
2023/12/25 8:00,213.65,2.56,70.05,6,196.9,20.55,-18.3,772.8,0.4,0,-20.5,164.1
2023/12/25 11:00,175.1,2.525,69.05,22.3,169.2,33.4,-6.6,771.6,-1.1,1,-11.9,135.5
2023/12/25 14:00,52.1,1.26,41,56.85,54.95,26.5,-2.4,769,-2.5,3,-14.2,37.15
2023/12/25 17:00,40.35,1.09,56.75,30.85,45.4,23.55,-3.4,768,-1.1,3,-14.2,30.6
2023/12/25 20:00,55.95,0.87,39.65,46.5,52.75,15.75,-4.4,766.7,-1.2,2,-13,39.65
2023/12/25 23:00,52.85,0.925,39.05,42.2,48.85,18,-4.8,766.9,0.2,2,-11.6,37.2
2023/12/26 2:00,81.75,1.205,44.9,25.9,77.25,18.2,-2.6,768.3,1.5,3,-6.4,60.05
2023/12/26 5:00,55.5,0.91,50.7,15.8,53.85,20.6,-5.4,770.1,1.8,2,-10.4,38.35
2023/12/26 8:00,43.9,0.865,55.95,14.7,38.65,22.3,-6.2,772.6,2.5,1,-10.8,27.7
2023/12/26 11:00,38.05,0.645,32.7,42.2,34.6,17.3,-3.2,774.3,1.7,2,-11.4,24.85
2023/12/26 14:00,33.83333333,0.525,26.22222222,51.65,28.15,15.6,-1.3,774.5,0.2,2,-12.6,20.1
2023/12/26 17:00,44.44444444,0.605,47.35,28.44444444,37.75,13.7,-4.1,775.8,1.2,2,-13.7,27.2
2023/12/26 20:00,54.05,0.895,75.7,6.6,49.75,18.2,-10.8,777.1,1.3,0,-14.4,44.45
2023/12/26 23:00,101.55,1.29,74.6,5.55,109.25,16.55,-14.3,777.4,0.2,0,-16.6,75.65
2023/12/27 2:00,109.6,1.475,66.2,5.6,102.2,21.15,-14.9,777.6,0.2,1,-16.9,82.45
2023/12/27 5:00,112.55,1.745,55.65,5.2,108.75,21.75,-17,776.9,-0.7,1,-19.1,84.8
2023/12/27 8:00,116.7,2.045,52.6,6.35,109.8,20,-14.8,777.1,0.1,1,-16.8,87.95
2023/12/27 11:00,131.9,2.82,57.55,20.7,127.75,27.25,-7.8,776.4,-0.6,1,-13.4,99.9
2023/12/27 14:00,78.75,1.29,52.2,35,73.05,23.45,-2.6,774.3,-2,1,-12.1,57.75
2023/12/27 17:00,85.65,1.165,77.4,10.5,77.6,21.85,-6.7,773.3,-1.1,1,-12,63.05
2023/12/27 20:00,117.1,1.57,82.9,7.1,105.2,19.3,-9.2,772.7,-0.6,0,-12.3,88.25
2023/12/27 23:00,170.1,2.06,79.1,6.9,150.85,22.5,-11.6,772.3,-0.4,1,-14.1,129.9
2023/12/28 2:00,142.85,2.27,71.65,5.3,140.55,28.85,-14.6,771.3,-0.9,1,-16.6,108.65
2023/12/28 5:00,104.15,2.645,62.2,4.4,104.45,36.8,-13.8,770.9,-0.5,2,-15.8,77.85
2023/12/28 8:00,87.5,2.26,58.1,5,85.7,30.05,-12,771.4,0.6,2,-14,64.5
2023/12/28 11:00,96.25,2.34,63,11.85,90.15,33.3,-4.9,772,0.6,0,-11.3,69.75
2023/12/28 14:00,101.15,1.625,58.15,27.2,90.45,31.8,0,771.6,-0.4,2,-8.4,75.65
2023/12/28 17:00,137.8,1.59,83.4,7.6,114.5,26.1,-4.2,772.2,0.6,1,-10.6,104.55
2023/12/28 20:00,168.1,1.855,86.2,5,149.65,22.5,-9.8,772.5,0.2,1,-12.4,127.6
2023/12/28 23:00,189.4,2.12,81.65,5.95,172.1,21.15,-12.3,772.4,0,0,-14.2,144.4
2023/12/29 2:00,164.2,2.145,74.65,4.6,151.6,26.25,-14,771.6,-0.8,0,-16,124.45
2023/12/29 5:00,150.25,2.625,70.45,4.2,145.35,28.8,-15.1,770.5,-1.1,1,-17.1,113.9
2023/12/29 8:00,155.7,3.4,66.35,4.95,149.65,28.15,-12.6,770.2,-0.3,1,-13.9,118.55
2023/12/29 11:00,121.05,2.275,60,23.65,117.7,24.8,-0.1,768.8,-1.3,1,-8.1,91.3
2023/12/29 14:00,65.7,1.175,37.15,56.75,64.7,17.6,3.3,766.8,-2,2,-6.9,47.25
2023/12/29 17:00,63.95,0.88,43.9,45.4,57.45,14.2,-2.2,767.3,0.4,1,-7.5,45.85
2023/12/29 20:00,79.15,1.56,64.25,16.95,70.45,22.3,-4.9,767.2,-0.1,0,-7.7,58
2023/12/29 23:00,74.75,1.2,49.95,33.1,70.75,20.35,-6.1,766.5,-0.6,1,-7.9,54.5
2023/12/30 2:00,83.9,1.645,57,24.45,76.15,22.85,-6.5,765.7,-0.8,1,-7.7,61.85
2023/12/30 5:00,82.8,1.255,58.95,18.9,78.4,23.8,-4,764.3,-1.3,2,-6.8,60.95
2023/12/30 8:00,91.25,1.35,64.5,11.8,87.35,21.65,-2.4,763.9,-0.5,2,-5.7,67.75
2023/12/30 11:00,95.7,1.555,57.9,22.65,95.5,22.6,0.1,762.9,-1,2,-4.5,71.2
2023/12/30 14:00,95.5,1.555,61.95,24.35,90.4,22.55,0.9,761.3,-1.5,1,-2.7,71.15
2023/12/30 17:00,109.25,1.41,71.05,10.65,113.1,15,-0.2,762.1,0.8,1,-1.2,82
2023/12/30 20:00,208,1.48,54,12.95,173.2,14.9,-2.2,763,0.9,3,-3.6,160.55
2023/12/30 23:00,225.65,1.32,44.65,27.5,199.9,14.95,-6.9,764.4,1.3,5,-9.5,175.65
2023/12/31 2:00,126.65,0.89,32.3,31.65,112.95,13.95,-9.4,766.6,2.2,5,-12.8,96
2023/12/31 5:00,53.2,0.58,24,36.4,46.9,14.2,-11.6,769,2.4,4.5,-15.1,37.2
2023/12/31 8:00,43.8,0.555,26.8,32.2,38.55,15.65,-11.3,772.2,3.1,4,-14.8,30
2023/12/31 11:00,45.55,0.585,21.45,43.15,40.7,13.1,-11.2,773.9,1.6,3,-15.9,31.5
2023/12/31 14:00,49.8,0.59,24.65,49.3,43.65,14.15,-10.1,774.7,0.9,4,-15.4,34.8
2023/12/31 17:00,36.7,0.545,32.3,43.15,33.45,11.15,-11.8,776,1.2,3,-17.4,25.2
2023/12/31 20:00,46.35,0.655,39.3,34.35,38.95,12.7,-13.1,776.5,0.4,2,-18.3,32.25
2023/12/31 23:00,61,0.72,45.15,25.4,55.45,12.8,-13.8,776,-0.4,2,-18.4,43.55
2024/1/1 2:00,76.8,0.85,57.45,8.75,66.55,14.55,-20.2,774.5,-1.5,1,-22.6,56.15
2024/1/1 5:00,136,1.59,54.3,5.7,117.5,11.5,-20.2,773.1,-1.5,1,-22.9,103
2024/1/1 8:00,144.15,1.665,48.95,7.1,124,6.4,-20.1,772.2,-0.9,1,-22.4,109.3
2024/1/1 11:00,162,2.265,51.1,25.35,149.7,25.6,-9.2,770,-2.1,1,-15.1,123.2
2024/1/1 14:00,109.35,1.61,41.15,50.9,100.55,15.15,-4.6,768.7,-1.3,4,-14.5,82.05
2024/1/1 17:00,95.15,1.915,65.6,26.65,85.3,21.3,-6.6,768.1,-0.5,1,-12.3,70.85
2024/1/1 20:00,116.7,1.8,60.2,27.75,109.4,19.35,-6.7,767.9,-0.3,1,-10.4,88.05
2024/1/1 23:00,117.5,1.45,54.9,28.95,103.7,18,-5,767.5,-0.2,0,-8.1,88.7
2024/1/2 2:00,105,1.285,44.05,34.45,96.05,14.4,-4.4,767.5,0,0,-7.3,78.75
2024/1/2 5:00,111.65,1.34,43.25,28.5,104.05,14.45,-4,767.2,-0.4,1,-6.5,84
2024/1/2 8:00,120.7,1.575,59,10.75,113.8,13.45,-4.4,767.6,0.5,0,-6.2,91.2
2024/1/2 11:00,154.55,1.655,49.4,26.75,146,14.7,-1,767.4,-0.2,2,-3.5,117.4
2024/1/2 14:00,141.7,1.45,40.5,42.4,133.55,11.2,-0.6,766.1,-1.2,2,-3.8,107.65
2024/1/2 17:00,160.65,1.64,61.5,23.8,151.75,13,-2.7,766.2,0,0,-5.2,122.25
2024/1/2 20:00,202.4,1.865,75.2,11.6,190.55,9,-6.7,766.4,0.2,1,-7.9,153.3
2024/1/2 23:00,217.3,1.885,71.2,7.2,216,10.5,-6.8,766.6,0.1,0,-7.9,169.95
2024/1/3 2:00,193.55,1.705,74.05,4.25,193.1,11.95,-6.5,766.3,-0.1,1,-7.2,148.7
2024/1/3 5:00,178.9,1.61,73.65,3.95,174.45,11.65,-7,766.1,-0.3,1,-7.8,136.45
2024/1/3 8:00,133.3,1.625,66,8.7,125.2,18.7,-7.2,766.9,0.8,2,-8.3,100.65
2024/1/3 11:00,92.75,1.172222222,46.2,31.25,84,15.05,-5.8,767.2,0.2,1,-8.4,68.9
2024/1/3 14:00,79.65,0.97,49.6,40.35,71.1,14.7,-4.6,766.5,-0.6,2,-11,58.45
2024/1/3 17:00,73.65,0.86,67.45,23.05,63.8,9.7,-7.9,766.8,0.3,1,-13.1,53.6
2024/1/3 20:00,58.25,0.87,72.95,10.55,47.45,13.15,-12.5,766,-0.75,1,-14.6,40.8
2024/1/3 23:00,73.95,1.37,73,6.9,67.8,19.9,-13.7,764.2,-1.8,0,-15.5,53.85
2024/1/4 2:00,65.55,1.595,61.2,12.7,64.6,18.1,-13.8,762.6,-1.6,0,-15.6,46.95
2024/1/4 5:00,42.25,1,30.05,41.45,41.85,10.6,-4,760.7,-1.8,3,-11.3,28.45
2024/1/4 8:00,41.15,0.77,31.8,46.9,39.35,10.35,-2.3,760.3,-0.5,3,-11.1,28.4
2024/1/4 11:00,49,0.765,22.9,61.9,45.4,11.05,3.1,759.4,-0.7,4,-6.3,34.95
2024/1/4 14:00,55.4,0.71,26.5,66.1,49.8,10.95,4.3,758.4,-1.1,5,-4.7,39.1
2024/1/4 17:00,75.45,0.845,42.85,51.3,65.5,11.6,2.7,759.1,0.8,3,-4.1,54.9
2024/1/4 20:00,112.55,1.015,47.5,40.45,105.8,12.25,1.7,760.9,1.9,3,-3.2,84.75
2024/1/4 23:00,65.3,0.67,30.2,43.45,75,10.8,-0.2,763.5,2.5,3,-11,41.1
2024/1/5 2:00,21.1,0.335,18.2,54.4,17.38888889,10.55,-5.6,766.6,3.1,2,-17.1,5.5
2024/1/5 5:00,18.85,0.41,23.95,44.55,16.85,8.5,-11.1,767.1,0.4,2,-16.6,6.2
2024/1/5 8:00,29.6,0.585,51.7,17.05,25.05,8,-12.1,768.4,1.3,1,-15.6,10.65
2024/1/5 11:00,33.05,0.58,35.6,37.5,32.2,14.2,-3,768.5,0.2,2,-15.3,14.2
2024/1/5 14:00,30.6,0.485,29.2,47.45,30.3,12.25,-2.2,767.3,-1.3,2,-14.6,13.95
2024/1/5 17:00,37.95,0.535,52.65,23.1,37.95,10.7,-5.3,767.6,0.2,0,-13.8,20.5
2024/1/5 20:00,56.5,0.92,71.9,6.1,57.35,14.95,-10.1,768.1,0.4,1,-14.4,37.95
2024/1/5 23:00,99.3,1.345,71.2,7.2,103.9,14.5,-11.7,768,0,0,-15.1,74.05
2024/1/6 2:00,94.25,1.415,62.1,5.6,100.05,18.25,-12.4,767.9,-0.1,1,-15.6,70
2024/1/6 5:00,78.55,1.53,56.45,4.8,82.35,15.35,-11.1,767.8,-0.1,1,-14.8,57.5
2024/1/6 8:00,85.75,1.245,51.4,6.35,84.6,13.65,-12.9,768.9,1,0,-15.2,63.45
2024/1/6 11:00,66.45,0.795,31.7,33.4,62.35,15.15,-6.4,770,1.2,4,-14.6,47.6
2024/1/6 14:00,23.35,0.46,13.4,52.3,20.95,8.4,-4.8,769.7,-0.3,3,-16.6,13.85
2024/1/6 17:00,21.45,0.515,26,39.9,18.7,10.4,-7.3,770.5,0.8,1,-16.9,11.95
2024/1/6 20:00,34.75,0.635,32.8,29.05,32.35,11.3,-7,771.5,0.9,2,-18.6,21.55
2024/1/6 23:00,20.45,0.445,18.65,41.1,19.7,6.5,-8.6,772.1,0.7,4,-22,9.3
2024/1/7 2:00,17.85,0.41,17.4,39.8,17.15,7.35,-10.5,772.9,0.8,4,-22.4,7.45
2024/1/7 5:00,16.35,0.43,13.55,42.7,14.55,6.5,-12.5,773.2,0.3,3,-23.6,7.1
2024/1/7 8:00,20.4,0.49,20.2,34.5,20.1,8.1,-13.8,774.8,1.5,3,-24,11
2024/1/7 11:00,20.7,0.48,12.5,42.6,20.25,9.45,-12.3,775.6,0.8,2,-23.4,10.55
2024/1/7 14:00,18.45,0.445,10.65,47.4,17.85,7.05,-9.9,774.8,-0.8,2,-23.1,10
2024/1/7 17:00,25.6,0.465,22.2,37.2,24.55,7.35,-13.5,775,0.2,1,-22.9,14.8
2024/1/7 20:00,51.75,0.735,46.5,13.35,49,10.7,-17.8,774.5,-0.5,1,-23.1,35.2
2024/1/7 23:00,48.25,0.765,51.35,5.95,46.6,14.85,-19.5,773.4,-1.2,1,-23.4,31
2024/1/8 2:00,64.1,1.17,47.5,5.15,69,13,-20.9,772.2,-1.2,1,-24.2,44.4
2024/1/8 5:00,58.75,1.475,43.85,5.8,64.8,14,-20.1,769.5,-2.7,2,-24.2,38.55
2024/1/8 8:00,55.8,1.835,51,6.65,59.05,20.6,-16.3,767.9,-1.5,1,-20.8,35.8
2024/1/8 11:00,41.2,1.045,30.65,37.55,43.15,13.1,-4.3,766.4,-1.5,3,-12.9,20.45
2024/1/8 14:00,37.45,0.63,21.35,49.05,37.45,11.4,-3.6,764.8,-1.6,4,-10.4,17.2
2024/1/8 17:00,37.9,0.685,30.5,40.35,37,9.6,-3.6,765.3,0.6,1,-10.9,22
2024/1/8 20:00,41.35,0.925,36.5,31,41.35,11.25,-4.2,765.9,0.6,1,-10.8,25.7
2024/1/8 23:00,51.4,1,42.75,21.7,50,11.8,-8.2,766.3,0.4,0,-11.5,32.8
2024/1/9 2:00,59.1,0.995,53.75,8,59,10.9,-12.2,766.7,0.4,0,-14.5,40.45
2024/1/9 5:00,55.85,0.905,47.45,11.5,53.65,17.35,-14,767,0.3,1,-17.5,38.6
2024/1/9 8:00,64.25,1,48.4,9.05,63.5,16.3,-12.6,768.5,1.5,1,-14.6,45.55
2024/1/9 11:00,45.9,0.77,27.7,34.2,44.5,17.05,-6.6,769,0.5,2,-15.5,32.55
2024/1/9 14:00,48.7,0.63,25.65,47.35,48,14,-4.6,768.7,-0.3,2,-14.7,30.6
2024/1/9 17:00,50.3,0.635,36.4,37.65,48.65,12.6,-7.2,770,1.2,2,-14.7,33.95
2024/1/9 20:00,70.95,0.81,50.85,20.1,68.8,11.7,-10,771.3,1.3,1,-15.5,51.45
2024/1/9 23:00,84.4,0.865,55.85,11.9,83.9,10.95,-16.2,771.3,0,1,-18.7,62.15
2024/1/10 2:00,103.8,1.18,60.6,5.8,99.4,12.7,-19.1,770.8,-0.4,1,-21.7,77.9
2024/1/10 5:00,135.55,1.515,56.65,4.9,131.15,10.9,-20.3,770,-0.9,0,-22.7,103.1
2024/1/10 8:00,176.3,1.795,51.9,6.25,160,10.7,-19.3,770.1,0,1,-21.5,134.55
2024/1/10 11:00,134.55,2.561111111,53,22.65,134.3,31.35,-7.4,767.7,-2.3,3,-14.7,101.75
2024/1/10 14:00,53.1,1.46,36.6,40.45,54.85,21.5,-3.4,764.5,-3.1,3,-15.4,35.1
2024/1/10 17:00,54.6,1.285,48.35,26.2,57.8,20.9,-2.3,762.1,-2.4,5,-12.1,33.2
2024/1/10 20:00,56.05,1.105,45.45,29.9,60.65,17.75,-2.7,761.5,-0.6,3,-13.5,36.3
2024/1/10 23:00,62.9,0.965,34.4,38.65,63.65,14.65,-2.5,760.2,-1.2,3,-10.8,42.85
2024/1/11 2:00,68.1,1.035,29.9,39.55,72.7,14.25,-2.3,759.3,-0.9,3,-7.6,48.5
2024/1/11 5:00,70.2,1.055,31.35,30.7,75.4,15.05,-2,758.6,-0.6,2,-7.1,50.85
2024/1/11 8:00,88.35,1.175,38.75,19.1,90.75,15.3,0.3,759.8,1.2,5,-4,65.35
2024/1/11 11:00,69.5,0.93,27.25,47.15,73.55,16.9,2,761,1.2,4,-7.6,48.05
2024/1/11 14:00,25.35,0.38,12.95,71.25,19.85,7.6,2.3,761.3,0.3,5,-10.6,6.6
2024/1/11 17:00,37.2,0.425,21.75,57.3,37.15,8.25,-0.6,763.3,2,4,-11.9,10.45
2024/1/11 20:00,50.65,0.54,34.25,39.35,53.9,12.05,-2.3,764.7,1.3,2,-14.4,17.75
2024/1/11 23:00,49.85,0.525,29.7,41.1,53.3,11.7,-3.8,765.2,0.6,2,-16.4,14.45
2024/1/12 2:00,44.35,0.49,35,31.6,44.95,13.7,-7.8,766,0.7,1,-16.7,13.55
2024/1/12 5:00,51.15,0.6,49.6,14.6,54.1,12.85,-14.4,765.4,-0.6,1,-17.9,17.25
2024/1/12 8:00,57.4,0.885,57.9,8.05,65.2,19.6,-14.1,766.5,1,1,-16.8,25
2024/1/12 11:00,59.9,0.79,39.3,33.8,75.2,16.85,-3,766.1,-0.2,2,-15.3,33.3
2024/1/12 14:00,42.55,0.63,28.4,52.45,43.2,14.2,-1.3,765.6,-0.6,2,-15.1,22.05
2024/1/12 17:00,50.05,0.995,57.15,23.9,52.15,16.95,-3.6,766.8,1.1,0,-13.5,28.05
2024/1/12 20:00,49.45,0.61,31.8,42.55,51.6,14.1,-4.5,769.2,2.4,3,-16.1,28.8
2024/1/12 23:00,34.6,0.475,22.85,47,33.85,10.1,-8.4,770.5,1.3,1,-17.2,20.55
2024/1/13 2:00,44.95,0.515,29.35,37.15,47.15,12.35,-10.5,771,0.6,2,-17.8,29.5
2024/1/13 5:00,45.1,0.62,41.9,21.1,42.5,13,-14.1,771.5,0.4,1,-19.1,30.25
2024/1/13 8:00,47.6,0.85,47.2,17.6,47.95,15.7,-14.1,771.6,0.1,2,-18,31.75
2024/1/13 11:00,57.75,1.26,33.7,42.65,57.4,18.3,-6.8,769.9,-1.7,1,-16.7,38.5
2024/1/13 14:00,49.05,1.175,35.35,42.9,48.55,17.85,-3.1,766.9,-3,2,-14.8,32.75
2024/1/13 17:00,75.5,1.655,71.75,9.2,79.1,22.95,-4.2,765.4,-1.5,1,-14.9,54.75
2024/1/13 20:00,105.35,2.035,74.1,5.35,110.5,28.8,-4.2,765.4,0,1,-12.6,78.9
2024/1/13 23:00,61.85,1.25,49.05,16.35,65.45,20.6,-2.3,766.6,1.3,3,-10.1,43.6
2024/1/14 2:00,34.8,0.45,14.15,52.75,34.8,11.5,-4.9,769.3,2.6,5,-12.5,15.9
2024/1/14 5:00,49.65,0.34,9.7,60.1,54.15,9.35,-7,771.4,2.2,3,-17.8,8.2
2024/1/14 8:00,36.9,0.415,17.45,51.35,37.2,10.75,-8.8,773.8,2.3,3,-18.8,9.65
2024/1/14 11:00,30.15,0.405,10.9,62.2,31.3,9.8,-6.7,774.1,0.4,5,-20,11.65
2024/1/14 14:00,25.2,0.36,7.7,65.25,25.7,8.05,-5.8,773.6,-0.6,3,-18.8,8.65
2024/1/14 17:00,32.3,0.395,16.5,56.45,32.3,10,-7.3,774.5,0.9,2,-18.9,11.2
2024/1/14 20:00,52.45,0.61,39,31.1,54.35,13.85,-8.7,775,0.4,1,-20.2,26.5
2024/1/14 23:00,67.85,0.875,58.7,10.25,84.95,13.25,-15.8,775,0.1,1,-20.3,37.55
2024/1/15 2:00,68.05,0.925,56.55,9.9,86.3,14.45,-17.6,775.4,0.3,1,-20.5,43.8
2024/1/15 5:00,64.5,1.02,50.05,12.15,78.1,10.3,-19.2,775.3,-0.1,0,-21.9,42.9
2024/1/15 8:00,77.75,1.395,57.15,5.9,87.35,15.75,-17.9,775.6,0.3,0,-19.9,55.95
2024/1/15 11:00,88.25,1.36,54.5,22.85,100.25,24.4,-7.4,775,-0.5,1,-16.8,65.35
2024/1/15 14:00,44.15,0.83,28.95,55.8,46.7,19.15,-4.2,774.1,-1,1,-18.8,24.65
2024/1/15 17:00,39.3,0.84,43.95,39.5,40.65,17.2,-6.2,774.8,0.7,1,-18.5,21.9
2024/1/15 20:00,61,0.975,75.3,7.25,67.8,16.5,-12.1,775.3,0.4,0,-18.3,42.9
2024/1/15 23:00,92.05,1.865,75,6.1,103.75,21.3,-12.6,775.7,0.5,1,-18.6,68.2
2024/1/16 2:00,102.8,2.045,65.55,7.6,109.85,21.45,-14.2,775.7,0,1,-18.6,76.9
2024/1/16 5:00,85.4,2,56.65,7.8,89.5,19.6,-15.1,775,-0.7,2,-19.2,62.9
2024/1/16 8:00,82,2.125,54.8,8.9,80.45,21.1,-14.7,775.2,0.1,2,-19.3,59.9
2024/1/16 11:00,87.15,2.345,50.25,29.5,90.6,22.4,-3.3,773.7,-1.3,2,-14.4,64.35
2024/1/16 14:00,52.95,1.245,36.5,48.75,58.6,17.8,2.3,771.8,-1.9,4,-12,34.5
2024/1/16 17:00,71.85,1.33,48.35,40.05,77.95,18.4,1.1,771.1,-0.7,3,-9.8,52
2024/1/16 20:00,72.7,1.15,49.65,33.4,70.9,17.25,-1.1,770.5,-0.6,3,-12.7,52.55
2024/1/16 23:00,51.5,0.8,28.15,53.9,53.45,11.6,-1.6,769.7,-0.6,3,-13.1,33.15
2024/1/17 2:00,51.1,0.785,24.4,54.2,52.75,13.05,-2.2,769.3,-0.4,3,-11.5,33
2024/1/17 5:00,58.25,0.84,22.95,51.35,54.95,12.55,-0.9,768.7,-0.6,3,-8.6,40.75
2024/1/17 8:00,63.65,0.97,37.4,35.8,63.7,14.3,-2.9,769,0.2,1,-8.4,45.45
2024/1/17 11:00,69.27777778,1.033333333,33.95,46.16666667,63.61111111,15.15,2.1,768.5,-0.4,3,-7,49.61111111
2024/1/17 14:00,73.4,0.96,37.5,43.65,65.7,15.05,2.8,767.4,-1.2,2,-5.3,53.45
2024/1/17 17:00,96.2,1.025,50.95,29.95,91.9,16.3,2.5,768.2,0.9,2,-4.9,71.7
2024/1/17 20:00,149.45,1.11,41.15,19.25,141.1,13.8,0.5,769.5,1.2,3,-3.4,113.9
2024/1/17 23:00,112.55,1.045,36.05,29.3,107.6,14.15,-3,770.8,1.4,3,-7.7,84.65
2024/1/18 2:00,67.6,0.78,25.65,46.7,65.25,11.35,-6.1,772.3,1.3,3,-12.6,48.8
2024/1/18 5:00,53.45,0.76,23.25,47.1,51.05,10.6,-7.5,773.5,1.3,3,-14.1,37.65
2024/1/18 8:00,70.75,0.99,39.3,25.6,64.15,12.2,-8.6,775.2,1.7,4,-14.6,49.5
2024/1/18 11:00,63.25,0.865,28.85,45.8,64,13.2,-5,776.2,0.9,4,-14.3,48.35
2024/1/18 14:00,42.35,0.58,20.4,64.9,41.45,11.45,-3.5,775.3,-0.9,5,-15.8,27.7
2024/1/18 17:00,25.85,0.475,22.65,57.4,24.85,8.9,-6.4,775.9,0.6,4,-16.1,15.4
2024/1/18 20:00,43.75,0.625,27.25,45.05,42.7,9.4,-8.3,776.5,0.6,3,-16,29.55
2024/1/18 23:00,67.3,0.775,34.95,32.85,67,10.85,-9.7,776.7,0.2,3,-16.2,48.55
2024/1/19 2:00,75.85,0.88,37.9,26.55,70.55,11.6,-11,777.4,0.7,2,-16.5,55.4
2024/1/19 5:00,90.8,1.01,41.35,21.8,82.9,12,-12.4,777.9,0.4,2,-17.1,67.4
2024/1/19 8:00,104.2,1.125,49.9,13.55,94.9,12.4,-12.8,779.1,1.2,2,-17.5,78.1
2024/1/19 11:00,97.55,0.975,37.9,38.2,87.35,13.35,-8,778.7,-0.4,3,-16.4,72.4
2024/1/19 14:00,70.25,0.72,29.3,57.15,64.55,11.7,-5.3,777.1,-1.5,4,-16.5,50.8
2024/1/19 17:00,37.35,0.535,28.65,50.65,36.1,9.7,-6,777.4,0.2,4,-17.4,23.95
2024/1/19 20:00,49.15,0.63,31.05,43.2,47.45,11.05,-7.9,778,0.6,3,-16.7,34.55
2024/1/19 23:00,67.6,0.74,32.2,37.95,62.6,10.4,-9.5,777.5,-0.5,4,-17.1,48.7
2024/1/20 2:00,67.55,0.75,36.25,30.9,65,10.9,-10.4,777,-0.4,3,-17.1,48.65
2024/1/20 5:00,53.45,0.645,27.1,40.2,51.75,10.35,-11.6,776,-1.1,3,-18.6,36.95
2024/1/20 8:00,45.1,0.615,29,37.65,42.1,10.75,-11.5,775.9,0,4,-20.6,31.2
2024/1/20 11:00,48.25,0.68,25.3,46.3,44.9,11.35,-9,775.4,-0.6,3,-19,33.05
2024/1/20 14:00,47.75,0.645,22.05,56.9,48.75,10.8,-8,774.5,-0.9,3,-18.7,32.3
2024/1/20 17:00,45.45,0.615,27.85,47.15,46.8,10.85,-8.7,775,0.6,4,-17.5,25.35
2024/1/20 20:00,54.25,0.64,24.65,45.65,57.15,10.55,-10.7,775.9,0.9,4,-18.4,34.5
2024/1/20 23:00,66.75,0.71,22.85,48.3,80.75,10.45,-12.9,777.1,1.2,3,-17.2,44.85
2024/1/21 2:00,52.8,0.58,15.95,51.7,56.35,9,-14.6,777.6,0.4,4,-19,27.45
2024/1/21 5:00,43.05,0.545,15,44.8,43.5,9.55,-15.8,777.8,0.2,3,-19.8,19
2024/1/21 8:00,33.9,0.505,18.25,37.55,33.9,9.2,-17.1,778.7,0.9,3,-21.3,13.25
2024/1/21 11:00,38.65,0.545,14,47,38.65,13.2,-15.8,778.8,0,4,-22,18.35
2024/1/21 14:00,33.75,0.495,12.75,51.8,33.75,10.4,-14.9,778.3,-0.5,4,-20.7,15.7
2024/1/21 17:00,31.6,0.525,16.25,46.85,31.6,10.35,-15.9,779.4,1.1,4,-22.3,16
2024/1/21 20:00,33.1,0.53,18.35,48.4,32.35,11.15,-16.9,780.2,0.8,3,-21.6,19.25
2024/1/21 23:00,27.05,0.53,17.6,46,25.85,11.7,-17.6,780.1,-0.1,4,-22.4,16.4
2024/1/22 2:00,28.15,0.51,19.3,42.25,28,13.25,-18.3,780.6,0.5,3,-22.9,17.7
2024/1/22 5:00,24.5,0.53,18.25,42.6,23.3,15.45,-19,780.3,-0.3,3,-24.1,15.2
2024/1/22 8:00,29.95,0.64,24.9,35.45,28,11.55,-19,780.8,0.4,2,-22.9,20.1
2024/1/22 11:00,28.7,0.575,12.9,51.45,28.25,9.8,-18.2,781.2,0.4,4,-24.6,18.6
2024/1/22 14:00,22.15,0.55,12.25,54.9,22.05,13.05,-15.2,780.5,-0.6,3,-23.3,13.15
2024/1/22 17:00,22.2,0.515,16.4,55.1,21.9,10.8,-16.1,781,0.5,3,-25.1,12.95
2024/1/22 20:00,36.2,0.685,31.5,38.65,30,10.45,-17.6,781.4,0.3,2,-24.9,23.65
2024/1/22 23:00,43.55,0.795,45.6,22.95,37,12.05,-22.1,780.1,-1.3,1,-26.1,29.3
2024/1/23 2:00,58.3,1,55.75,11.45,57.85,11.35,-24.4,778.9,-1.2,0,-27.4,41.45
2024/1/23 5:00,65.15,1.08,52.6,8.55,65.55,10.4,-25.1,777.3,-1.6,0,-28,46.95
2024/1/23 8:00,75.65,1.325,51.1,10.2,75.75,9.25,-23.5,776.8,-0.5,1,-26,55.4
2024/1/23 11:00,86.3,1.245,42.5,30.75,77.2,17,-15.5,775.2,-1.5,2,-23.3,58.9
2024/1/23 14:00,39.5,0.67,25.65,49.1,36.7,16.6,-12.2,773.2,-2,2,-21.5,24.75
2024/1/23 17:00,33.1,0.64,31.85,42.85,32.7,10.95,-12.6,773,-0.2,1,-19.8,21.4
2024/1/23 20:00,73.35,1.055,67.3,9.1,67,15.5,-16.5,773.2,0.1,0,-20.9,53.35
2024/1/23 23:00,79.05,1.165,69,7.35,74.6,15.8,-17.7,773.5,0.5,0,-21.5,57.9
2024/1/24 2:00,84.6,1.19,65,5.85,85.1,15.3,-16.7,773.8,0.3,0,-20.4,62.3
2024/1/24 5:00,66.45,1.04,47,14.35,67.3,11.05,-20.4,774.6,0.7,1,-23.1,47.7
2024/1/24 8:00,61.05,1.16,50.8,12.9,60,13.55,-18.7,775.7,1.1,1,-20.6,43.2
2024/1/24 11:00,57.16666667,1.065,43.65,30.9,65.05,19.88888889,-8.4,775.9,0.2,1,-16.7,42.3
2024/1/24 14:00,34,0.644444444,26.1,53.15,38.05,13.3,-6.2,774.8,-1,1,-16.2,22.44444444
2024/1/24 17:00,28.2,0.575,28.7,49.7,26.65,10.2,-8.2,774.9,0,1,-17.8,18.2
2024/1/24 20:00,62.8,0.93,69.9,10.85,58.8,14.75,-13.6,775.1,0.2,0,-18.6,45.05
2024/1/24 23:00,74.35,1.135,71.9,6.15,69.75,16.1,-15.8,774.9,-0.1,0,-19.2,54.15
2024/1/25 2:00,89,1.315,69.95,5.333333333,86.05,15.05,-18,774.8,-0.1,0,-20.6,65.95
2024/1/25 5:00,94.27777778,1.68,59.3,4.555555556,92.3,19.6,-17.5,774.1,-0.7,2,-20.3,68.95
2024/1/25 8:00,100.3,1.96,56.3,6.388888889,98.05,20.65,-16.4,774.3,0.1,2,-19.5,74.75
2024/1/25 11:00,114.75,2.54,59.45,21.65,111.15,27.05,-7.4,773.9,-0.3,1,-15.1,86.65
2024/1/25 14:00,98.15,1.68,59.25,36.9,98.55,28.3,-2.5,772.6,-1.3,2,-13.1,73.3
2024/1/25 17:00,72.8,1.215,63.35,30.75,76.05,21.1,-4.9,772.6,0,1,-12.1,52.35
2024/1/25 20:00,119.15,1.84,91.75,9.05,117.55,24.9,-10.3,772.8,0.1,0,-13.6,89.6
2024/1/25 23:00,161.15,2.16,88.7,6.35,153.8,24.6,-12.9,772.8,0.1,0,-15,122.5
2024/1/26 2:00,151.25,2.205,76.6,5.55,151,23.8,-15,772.9,0.2,0,-17.1,115
2024/1/26 5:00,143.95,2.34,71.2,5.05,147.25,17.05,-16.1,772.8,-0.2,0,-18.2,109.4
2024/1/26 8:00,127.3,2.095,66.4,6.35,128.4,13.8,-15.3,773.8,1,0,-17,95.9
2024/1/26 11:00,75.2,1,41.1,41.1,76.5,15.85,-5,774.1,0.4,2,-13.3,51.9
2024/1/26 14:00,25.6,0.465,20.95,66.05,24.7,12.3,-2.1,773,-1.1,3,-16.6,13
2024/1/26 17:00,24.95,0.455,24.05,61.1,23,11,-4.5,773.7,0.6,1,-16.4,12.7
2024/1/26 20:00,36.55,0.68,53.75,29.35,34.5,14.15,-10.2,774.4,0.7,0,-16.5,23
2024/1/26 23:00,55.7,0.86,63.95,17.3,54.65,17.65,-14,774.7,0.4,1,-17.9,39.1
2024/1/27 2:00,65.05,1.025,70.65,9,65.75,14.75,-16.5,774.7,0,1,-19.4,46.65
2024/1/27 5:00,96.95,1.435,65.45,5.2,95.75,14.9,-16.8,774.2,-0.6,1,-19.3,72.2
2024/1/27 8:00,126.6,1.825,60.25,6.95,125.85,14.8,-16.7,775,0.7,1,-18.6,95.7
2024/1/27 11:00,141.05,2.37,63.7,22,148.15,29.3,-7.6,774.6,-0.3,1,-15.1,106.75
2024/1/27 14:00,80.2,1.22,53.1,43.05,79.95,22.9,-3.3,773.1,-1.5,1,-14.7,58.9
2024/1/27 17:00,64.4,0.805,48.5,44.2,61.3,15.3,-5.1,772.9,-0.1,2,-15.5,46.15
2024/1/27 20:00,65.8,0.82,64,22.45,60.05,13.95,-9.8,772.6,-0.4,0,-15.7,47.25
2024/1/27 23:00,82.85,1.05,66.65,18.75,82.95,16.3,-14.2,772.5,-0.1,0,-17.3,61
2024/1/28 2:00,103.2,1.33,77.15,5.5,102.45,14.2,-16.6,772.5,0,0,-19.1,77.2
2024/1/28 5:00,128.65,1.685,67.15,5.15,126.15,12.3,-17.6,772.3,-0.2,0,-20.1,97.6
2024/1/28 8:00,134,1.925,59.85,6.1,128.25,16.15,-16.2,773.1,0.8,1,-18,101.65
2024/1/28 11:00,145,1.975,61.6,24.45,138.8,26.9,-4.6,772.8,-0.3,1,-12.5,110.3
2024/1/28 14:00,96.3,1.865,51.05,50.15,97.05,29,-1.5,771.5,-1.2,2,-13,71.7
2024/1/28 17:00,81.05,1.7,66.6,32.8,81.7,27,-3.7,772.3,0.7,0,-14.5,59.65
2024/1/28 20:00,103.4,1.885,94.2,7.85,101.75,24.6,-9.6,772.9,0.7,0,-14.9,77.4
2024/1/28 23:00,142.85,1.955,89.9,6.65,140.45,23.95,-12.4,773.4,0.5,1,-15.8,108.35
2024/1/29 2:00,129.8,2.01,75.35,6.4,132.1,20.2,-13.1,774.1,0.7,1,-15.8,98.55
2024/1/29 5:00,54,0.79,41.35,32.65,55.5,17.7,-9.1,774.6,0.5,3,-16.9,37.65
2024/1/29 8:00,29.55,0.585,32.2,41.45,26.45,13.15,-10.8,776,1.3,3,-18.7,16.8
2024/1/29 11:00,33.4,0.6,27.25,47.6,32.6,14.35,-7.3,776.1,0.1,2,-17.5,19.95
2024/1/29 14:00,32.6,0.53,22.85,58.25,32.6,15.45,-4.5,774.7,-1.3,2,-16.4,19.05
2024/1/29 17:00,40.1,0.58,33.55,48.15,39.95,14.3,-6.4,774.6,-0.1,2,-16.6,24.45
2024/1/29 20:00,62.4,0.785,55.35,22.2,64.4,16.05,-9.1,774.4,-0.3,1,-16.1,43.65
2024/1/29 23:00,79.4,0.96,67.05,7.95,82.35,22.05,-13.2,774.1,-0.3,0,-17.2,58.25
2024/1/30 2:00,93.5,1.175,66.5,4.9,97.2,19.35,-14.8,773.5,-0.6,1,-17.8,69.45
2024/1/30 5:00,127.05,1.86,60.85,6.05,131.15,15.9,-13.7,772.5,-1,1,-16.6,95.9
2024/1/30 8:00,139.9,2.325,64.5,6.75,145.75,24.05,-12.4,772,-0.4,2,-15.3,105.8
2024/1/30 11:00,157.45,2.325,73.45,10,157.3,26.15,-6.4,771.4,-0.6,1,-11.3,119.25
2024/1/30 14:00,171.35,2.415,84.6,15.05,163.25,28.15,0.2,769,-2.4,0,-7.1,129.45
2024/1/30 17:00,172.95,2.015,84.5,19.5,162.95,21.8,0.8,768.4,-0.5,0,-5,131.55
2024/1/30 20:00,235.1,2.315,71.9,6.35,230.95,15.85,-1.2,769.4,0.9,1,-2.5,186.2
2024/1/30 23:00,164.25,1.515,55.2,8.65,163.1,20.5,-7.7,770.2,0.8,4,-9.9,124.85
2024/1/31 2:00,126.85,0.955,38.2,32.2,114.75,17.25,-10,772,1.9,3,-12.8,96.15
2024/1/31 5:00,93.55,0.875,32.65,43.2,92.45,14.9,-11.7,774,1.9,3,-14.8,69.5
2024/1/31 8:00,46.55,0.625,29.15,44.95,42.4,15.6,-12.9,776.2,2.2,3,-17.1,30.75
2024/1/31 11:00,52.66666667,0.695,23.33333333,53.45,50.05,15.4,-11.9,777.1,0.9,3,-19.5,39.65
2024/1/31 14:00,47.45,0.575,19.75,69.95,44,15.45,-11.8,776.6,-0.6,4,-20.8,32.75
2024/1/31 17:00,38.4,0.58,25.65,61.4,32.3,14.95,-13.5,777.6,0.9,2,-21.5,25.65
2024/1/31 20:00,47.2,0.63,36.55,45.65,41.4,12.9,-15.4,778.7,1.2,2,-22.6,32.5
2024/1/31 23:00,61.1,0.805,56.5,22,54.85,14.55,-20.9,779.2,0.3,0,-24.2,43.4
2024/2/1 2:00,69,0.85,61.8,15.45,66.3,10.25,-24.3,780.1,1,0,-27,49.5
2024/2/1 5:00,58.4,0.835,47.95,20.45,52.05,15.05,-26,780.5,0.3,0,-28.8,41.75
2024/2/1 8:00,54.15,0.715,41.9,25.55,46.4,14,-19,781.2,0,3,-23.6,34.9
2024/2/1 11:00,41.9,0.595,24.45,44.7,41.85,14.45,-14.7,780.9,-0.3,2,-24,26.95
2024/2/1 14:00,39,0.53,19.15,54.1,37.95,12.75,-13.1,779.3,-1.7,4,-23.6,20.95
2024/2/1 17:00,55.35,0.63,33.25,48.1,48.4,14.6,-14.9,778.6,-0.7,3,-23.5,37.95
2024/2/1 20:00,77.3,0.74,42.85,39.05,70.75,17.85,-15.7,777.8,-0.7,3,-23.5,56.5
2024/2/1 23:00,66.5,0.7,29.35,50.05,59.4,14.1,-16.6,776.9,-0.9,2,-24.4,47.8
2024/2/2 2:00,82,0.89,50.2,27.6,74.3,13.05,-21.2,776.8,-0.1,0,-25.5,60.35
2024/2/2 5:00,100.9,1.125,69.45,7.6,82.8,12.5,-24.5,776.7,-0.2,1,-27.5,75.3
2024/2/2 8:00,132.1,1.345,67.05,8.65,116.65,15.8,-21.4,777.8,1.2,1,-23.4,99.6
2024/2/2 11:00,124.75,1.645,51.1,34.05,116.65,20.8,-12,777.3,-0.5,1,-20.5,94.3
2024/2/2 14:00,54.05,0.69,33.05,56.85,49.55,16.25,-7.7,776.8,-0.4,3,-20.8,38.45
2024/2/2 17:00,55.1,0.645,39.85,52.35,46.7,13.9,-9.8,777.7,0.8,2,-21.2,39.45
2024/2/2 20:00,79.3,0.75,45.05,48.3,64.6,15.25,-12.4,777.8,0.1,3,-21.9,58.05
2024/2/2 23:00,164.05,1.06,55.75,45.75,144.85,17.1,-14.3,778.7,1,2,-21.2,123.9
2024/2/3 2:00,184.05,1.245,63.25,28.6,158.75,18.4,-15.6,778.8,0,2,-21.6,138.9
2024/2/3 5:00,155.75,1.31,77.1,9.05,135.15,18.8,-19.2,778.2,-0.6,0,-22.7,118.6
2024/2/3 8:00,144,1.35,61.95,19.5,125.6,19.15,-15.9,778.6,0.5,1,-20.8,108.95
2024/2/3 11:00,95.3,1.016666667,42,50.16666667,83.2,20.61111111,-9.1,778.3,-0.3,2,-19.9,70.9
2024/2/3 14:00,81.94444444,0.833333333,34.7,72.65,71.5,17.77777778,-6.5,776.8,-1.4,3,-19.8,57.4
2024/2/3 17:00,76,0.78,34.2,74.5,45.8,13.1,-8.7,776.5,-0.4,3,-21.1,53.8
2024/2/3 20:00,94.85,0.84,40.15,66.3,81.6,14.45,-11.2,777.2,0.7,3,-20,70.55
2024/2/3 23:00,127.6,1.015,47.75,56.05,109.9,17.8,-12.8,777.3,0.1,3,-20.4,96.7
2024/2/4 2:00,120.8,1.125,58.85,31.6,107.15,16.55,-20.8,777.3,-0.1,1,-24.7,91.15
2024/2/4 5:00,131.3,1.235,72.3,11.65,109.6,19.3,-23.3,777.1,-0.3,0,-26.1,99.45
2024/2/4 8:00,158.75,2.31,70.05,11.75,144.3,18.25,-18,777,0,2,-20.5,120.1
2024/2/4 11:00,108.65,1.555,57.2,39.45,87.4,22.05,-8.8,777.3,0.4,1,-19.1,81.25
2024/2/4 14:00,53.7,0.695,29.35,71.8,46.85,16.8,-6.7,775,-2.3,4,-20,37.85
2024/2/4 17:00,48.8,0.67,40,60.65,34.1,15.8,-8.2,775,0,3,-19.1,33.85
2024/2/4 20:00,145.55,1.07,49.05,67.85,125.8,20.6,-10.1,775.3,0.2,2,-17.6,110.5
2024/2/4 23:00,145.5,1.18,57.45,48.6,117.35,19.7,-10,774.2,-1,2,-17.8,110.35
2024/2/5 2:00,112.2,1.04,44.6,49.1,101.95,16.45,-10.5,772.3,-1.8,3,-18.5,84.4
2024/2/5 5:00,78.75,0.89,35.3,56.2,67.9,16.2,-11.6,771.9,-0.5,3,-19,57.75
2024/2/5 8:00,71,0.915,41.65,47.15,60,16,-11.6,772.2,0.3,4,-19.3,51.5
2024/2/5 11:00,72.45,0.92,35.2,58.8,61.4,18.2,-8.6,772.1,0,3,-18.7,52.3
2024/2/5 14:00,70.5,0.91,29.1,81.2,62.3,18.15,-6.2,771.2,-0.9,4,-17.3,51.1
2024/2/5 17:00,88.85,0.79,29.85,90.3,73.2,15.05,-8.1,772.2,0.9,5,-16.7,65.75
2024/2/5 20:00,102.7,0.86,28.75,84.35,86.05,15.9,-9.4,773.5,1.4,4,-16.8,76.7
2024/2/5 23:00,128.05,0.99,29.15,83.8,108.6,17.75,-10.5,773.5,0,3,-17.2,97.2
2024/2/6 2:00,119.15,0.98,30.05,74.75,103.55,17.9,-11.9,773.7,0.2,2,-17.9,90.05
2024/2/6 5:00,121.05,1.01,31.9,64.75,104.65,15.7,-13.1,773.8,0,2,-18.8,91.5
2024/2/6 8:00,121.2,1.03,38.75,54.95,104.8,18,-13,774.8,1,2,-19.1,91.7
2024/2/6 11:00,117.8,1.095,36.25,68.2,98.6,21.65,-8.5,774.5,-0.3,2,-18.8,88.85
2024/2/6 14:00,87.95,0.855,33.45,87.65,75.65,20.35,-7,773.6,-0.9,3,-18.3,65
2024/2/6 17:00,60.15,0.685,28,88.2,48.9,12.55,-7.9,773.7,0.1,3,-19.4,42.4
2024/2/6 20:00,63.15,0.75,42.15,62.05,55.1,13.2,-10.2,774.1,0.5,2,-19.1,45.1
2024/2/6 23:00,86.7,0.865,43.7,63.2,72.45,13.2,-15.6,774.4,0.3,1,-19.3,64.2
2024/2/7 2:00,87.45,0.91,56.05,41.75,76.35,14.1,-19.1,774.4,-0.2,1,-22.4,64.7
2024/2/7 5:00,113.65,1.09,69.05,18.9,93.25,10.95,-20.6,774,-0.4,0,-23.3,85.5
2024/2/7 8:00,160.9,1.875,68.3,14.55,140.45,13.2,-17.9,774.2,0.3,0,-20.1,122.15
2024/2/7 11:00,186.1,2.38,63.25,40.38888889,166.75,22.2,-7.6,773.8,-0.3,1,-17.2,143
2024/2/7 14:00,136.1,1.46,63.7,60.1,124,26.6,-3.5,771.7,-2.2,1,-15.2,102.95
2024/2/7 17:00,82.85,0.895,46.75,72.15,71.9,16.5,-5.3,770.9,-0.8,1,-14.3,61.05
2024/2/7 20:00,111.3,1.12,78.5,34.15,98.7,16,-12.1,771.3,0.3,0,-16.4,83
2024/2/7 23:00,163.7,1.665,97.35,10.3,154.35,27.15,-15.6,770.8,-0.4,0,-18.4,124.35
2024/2/8 2:00,173.05,1.685,85.35,12.85,153.35,14.95,-17.4,770.5,-0.2,0,-19.9,131.55
2024/2/8 5:00,183.55,1.9,77.5,6.3,162.1,18.45,-18.5,769.8,-0.8,1,-20.7,138.35
2024/2/8 8:00,194.55,2.245,64.3,11.1,175.55,14.15,-15,770.4,0.6,1,-17.1,149.05
2024/2/8 11:00,206.75,2.5,63.45,33.85,189.8,29.55,-7,770.2,-0.1,2,-14.7,159
2024/2/8 14:00,195.45,1.87,72.3,58.1,176.1,26.8,-1.8,768.4,-1.8,1,-13.3,152.95
2024/2/8 17:00,203.8,1.495,79.1,56.6,188.65,24.85,-4.1,768.3,-0.2,2,-12.7,156.6
2024/2/8 20:00,198.9,1.475,74.65,55.8,175.05,17.35,-10.4,768.5,0.2,1,-15,151.3
2024/2/8 23:00,218.45,1.585,80.05,36.45,193.65,19.1,-13.7,768.2,-0.2,0,-16.4,170.1
2024/2/9 2:00,266.3,2.095,91.15,15.25,249.45,11.75,-16.1,768.1,-0.1,0,-18.2,216.3
2024/2/9 5:00,268.35,2.235,80.45,10.7,254.45,12.2,-17.8,767.8,-0.3,0,-20,218.35
2024/2/9 8:00,245.8,2.425,67.1,13.05,229.5,14.55,-15.1,767.8,0,1,-16.9,195.8
2024/2/9 11:00,234.15,2.855,61.55,44.9,219.95,25.7,-5.1,767.7,-0.1,1,-12.7,184.15
2024/2/9 14:00,94.55,1.485,39.9,80.7,86.2,23.4,0.1,766,-1.7,1,-13.2,70.3
2024/2/9 17:00,64.65,0.915,32.15,86.55,64.45,22.05,-2.2,766.3,0.3,1,-12.8,44.05
2024/2/9 20:00,107.8,1.125,51.05,60.25,103,25.2,-9.8,767.7,1.3,0,-14.1,80.85
2024/2/9 23:00,316.6,1.595,81.4,20.5,363.75,27.1,-13.1,768.2,0.6,0,-15.8,291.2
2024/2/10 2:00,493.2,1.915,80.2,9.95,845.2,42.4,-15.8,768.8,0.6,0,-18.2,678.65
2024/2/10 5:00,457.85,2.11,55,21.65,717.2,30.95,-17.6,769,0.2,0,-19.8,720.1
2024/2/10 8:00,445.2,2.04,50.55,16.3,635.4,16.9,-16.5,770.6,1.5,0,-18.4,577.65
2024/2/10 11:00,380.95,1.67,42.85,44.45,373.1,23.85,-4.9,770.9,0.4,1,-12.5,380.2
2024/2/10 14:00,138.9,0.865,26.7,73.95,131.85,18.9,-1.1,769.3,-1.6,2,-12.1,108.25
2024/2/10 17:00,48.25,0.59,18.9,81.55,43.3,13.65,-2.5,769,-0.3,1,-14.2,31.2
2024/2/10 20:00,69.25,0.735,34.3,55.5,61.15,14.95,-9.8,768.8,-0.3,1,-15,49.35
2024/2/10 23:00,101.95,0.95,40.1,44.4,95.5,20.8,-12.4,767.6,-1.1,1,-15.3,76.25
2024/2/11 2:00,132.55,1.45,38.75,45.2,119.2,24.75,-13.8,766,-1.5,1,-15.9,100.45
2024/2/11 5:00,99.5,1.47,31.15,48.35,81.4,19.85,-13.5,765.6,-0.5,0,-15.9,74.4
2024/2/11 8:00,116.85,1.49,36.35,35.85,101.8,17.9,-10.8,766.9,1.3,1,-12.8,88.25
2024/2/11 11:00,50.25,0.64,13.6,71.9,53.4,12.6,-1.2,767.9,1.1,2,-14,29.2
2024/2/11 14:00,32.85,0.5,11.25,82.65,31.15,11.15,0.5,768,0.1,2,-14.7,20.77777778
2024/2/11 17:00,33.85,0.535,19.4,76.55,32.25,14.1,-0.8,768.7,0.6,1,-13,20.7
2024/2/11 20:00,55.85,0.69,34.2,56.15,51.75,17.4,-6.8,769.3,0.6,1,-12.7,39.35
2024/2/11 23:00,67.05,0.845,41.6,41.55,66.45,21,-9.5,769,-0.3,1,-13.3,48.15
2024/2/12 2:00,79.05,1.645,46.45,28.15,84.35,21.65,-10.8,768.2,-0.7,1,-14.9,57.9
2024/2/12 5:00,55.8,1.47,41.55,31.75,57.35,24,-12.5,767.1,-1.1,0,-15.1,39.15
2024/2/12 8:00,39.95,1.105,25.7,56.9,39.8,16.2,-7.9,766.4,-0.7,1,-11.1,25.45
2024/2/12 11:00,50.95,0.73,13.15,85.4,53.35,11.25,6.6,765.4,-1,4,-7.4,28.7
2024/2/12 14:00,66.9,0.775,12.2,99.45,73.3,13,7.7,763.7,-1.6,6,-4.4,47.1
2024/2/12 17:00,108.25,0.955,15,96,107.6,16.3,5,763.3,-0.4,3,-2.3,81.3
2024/2/12 20:00,112.6,1.18,17.4,89.6,112.3,16.5,3,763.4,0.1,2,-1.5,84.8
2024/2/12 23:00,98.95,1.035,14.45,93.45,106.1,14.5,2.4,762.7,-0.6,2,-1.2,73.8
2024/2/13 2:00,89.5,0.945,11.7,96.55,99.95,13.5,5.2,761.8,-0.9,3,-0.4,66.3
2024/2/13 5:00,86.5,0.995,12.55,92.6,95.7,13.8,5.1,760.9,-0.9,3,-0.5,63.8
2024/2/13 8:00,92.3,1.11,16.7,87,98.8,14.95,6.7,761.5,0.6,3,0.4,68.35
2024/2/13 11:00,87.7,0.965,18.25,93.15,93.9,20.15,11,761.8,0.3,5,2.6,64.95
2024/2/13 14:00,85.05,0.965,16.2,106.35,98.75,17.25,13,761.5,-0.3,4,2.8,61.9
2024/2/13 17:00,87.6,1.025,18.95,97.05,92,16.15,7.6,762.8,1.3,2,1.9,64.85
2024/2/13 20:00,103.75,1.52,35.2,69,105.65,18.6,2.4,764.1,1.3,1,0.5,77.7
2024/2/13 23:00,94.6,1.235,30.35,71.5,95.95,18.35,2.3,764.5,0.4,2,0.5,70.3
2024/2/14 2:00,88.05,1.075,31.95,48.9,99.15,14.9,3,764.7,0.485714286,2,1.2,60.1
2024/2/14 5:00,37.95,0.585,14.5,47.55,38.7,12.45,1.5,765.5,0.571428571,2,-4.4,11.3
2024/2/14 8:00,16.9,0.515,14.35,49,18.27777778,11.5,1,767.9,0.657142857,5,-6.1,7.055555556
2024/2/14 11:00,24.7,0.47,12.1,54.1,21.35,10.85,0.7,770.3,0.742857143,0,-8.3,11
2024/2/14 14:00,25.75,0.425,7.7,73.45,21.9,8.5,2.6,770.4,0.828571429,0,-6.8,8.1
2024/2/14 17:00,23.25,0.415,9.55,66.45,19.15,8.05,-0.2,771.7,0.914285714,4,-12.5,8.55
2024/2/14 20:00,31.8,0.475,11.95,58.6,31.8,9.25,-2.4,772.7,1,4,-13.9,15.7
2024/2/14 23:00,39,0.505,12.45,55.3,39.7,9.1,-3.3,772.7,0,3,-13.5,19.05
2024/2/15 2:00,49.3,0.605,17.85,44.5,50.05,11.1,-3.9,772.4,-0.3,2,-13.3,28.6
2024/2/15 5:00,49.6,0.64,19.65,41.4,50.8,10.75,-5,771.2,-1.3,2,-13.8,28.55
2024/2/15 8:00,48.15,0.685,27.95,35.3,50.7,14.65,-4.5,772,0.8,3,-14.4,27.2
2024/2/15 11:00,44.5,0.545,17.2,56.45,44.8,13.15,-0.6,772.1,0.1,2,-16.4,23.1
2024/2/15 14:00,25.6,0.38,6.6,78.65,17.6,7.8,0.2,770.8,-1.2,4,-17.1,8.95
2024/2/15 17:00,24.55,0.4,9.15,74.85,16.15,8.6,-0.6,771,0.1,1,-15.3,9.15
2024/2/15 20:00,34,0.58,34.15,44.2,30.4,10.45,-5.5,771.4,0.3,0,-14,21.8
2024/2/15 23:00,53.15,0.795,48.85,24.3,56.4,13.1,-8.9,770.2,-1.2,0,-13.2,35.6
2024/2/16 2:00,42.25,0.7,32.9,36.1,41.7,12.25,-10.3,769.1,-1,0,-13.6,26.25
2024/2/16 5:00,38,1.165,34.5,33.05,38,16.2,-11,766.9,-1.15,0,-13.8,22.75
2024/2/16 8:00,33.3,1.1,23.05,53.8,33.2,14,-4.3,765.6,-1.3,1,-10.1,18.4
2024/2/16 11:00,52.2,0.58,13.65,76.35,56.55,10.75,4.2,763.6,-1.95,5,-11,21.7
2024/2/16 14:00,64.8,0.565,12.95,94.9,79.4,10.6,6.6,761.1,-2.6,6,-10.2,35.95
2024/2/16 17:00,71.1,0.57,13.65,95.15,90.6,10.25,4.5,759.8,-1.2,4,-7.6,41.4
2024/2/16 20:00,46.25,0.54,12.75,85.85,47.2,9.25,2.7,759.6,-0.2,4,-9.5,24.4
2024/2/16 23:00,42.9,0.53,9.95,90.55,43.5,8.45,2.2,759.4,-0.1,4,-10.6,19
2024/2/17 2:00,48.85,0.57,10.05,89.5,49.45,8.65,2.2,759,-0.4,4,-6.1,23.95
2024/2/17 5:00,43.55,0.565,9.25,84.5,43.55,8.45,1.4,758.8,-0.2,3,-5.1,22.35
2024/2/17 8:00,46.85,0.74,14.45,76.95,45.15,9.95,3.1,759.4,0.6,4,-4.1,26.1
2024/2/17 11:00,45.45,0.595,10.75,83.85,45.45,7.75,7.1,760,0.6,4,-3.4,24.4
2024/2/17 14:00,46.15,0.66,11.7,83.75,47.4,8.55,6.7,759.1,-0.9,5,-3,25.75
2024/2/17 17:00,41.05,0.705,14.8,78.9,41.05,9.65,5.5,759.6,0.5,3,-2.6,21.7
2024/2/17 20:00,45.65,0.775,17.25,80.55,45.15,10.5,3.9,759.7,0.1,2,-2.5,27.65
2024/2/17 23:00,31,0.62,10.9,84.65,28.9,9.45,4.9,760,0.3,3,-1.1,14.85
2024/2/18 2:00,28.2,0.595,9.7,84.1,24.95,9.4,4.9,759.9,-0.1,3,-0.5,12.2
2024/2/18 5:00,26.5,0.635,9.5,82.65,21.95,10.3,6.2,758.8,-1.1,3,0.9,12.85
2024/2/18 8:00,24.75,0.635,14.75,77,21.2,10.7,7.5,760.6,1.8,4,2,11.5
2024/2/18 11:00,22.3,0.685,19.95,68.6,17.9,12.4,8.7,759.7,-0.8,2,3.1,12.8
2024/2/18 14:00,23.2,0.63,20.85,66.7,13.77777778,13.05,10.9,758.3,-1.4,4,3.9,10.7
2024/2/18 17:00,28.1,0.66,27.8,53.55,14.65,13.65,8.1,759,0.7,2,5,16.3
2024/2/18 20:00,55.15,0.905,23.25,23.5,48.65,9.9,1.9,761.4,2.3,7,0.1,39
2024/2/18 23:00,54.6,0.63,16.45,47.45,46.85,10.05,-1.1,763.4,2,5,-2.4,36.55
2024/2/19 2:00,34.6,0.555,11.9,57.55,33.85,9.4,-2.6,765.8,2.3,4,-4.5,23.1
2024/2/19 5:00,30.4,0.51,11.75,54.25,30.4,9.7,-4.2,767.7,1.9,4,-7.1,18.2
2024/2/19 8:00,23.65,0.455,13.85,54.5,23.5,9.3,-5.4,769.9,2.1,4,-8.5,12.3
2024/2/19 11:00,29.4,0.45,13.1,58.95,29.4,10.2,-6.9,771.3,1.4,5,-13.2,13.8
2024/2/19 14:00,26.6,0.43,9.55,68.55,26.6,10.05,-6.4,771.7,0.3,5,-14.6,11.5
2024/2/19 17:00,59,0.39,10.05,68.15,67.8,8.35,-8.1,773.2,1.5,4,-18.5,11.45
2024/2/19 20:00,60.25,0.45,14.3,58.8,69.85,8.2,-9.5,775,1.8,4,-18.5,17.65
2024/2/19 23:00,67.6,0.485,13.6,54.9,84.7,8.25,-10.7,776.8,1.7,2,-20.1,18.1
2024/2/20 2:00,45.25,0.43,10.15,59.85,47.3,9.05,-12.2,777.2,0.4,4,-22.2,11.4
2024/2/20 5:00,33.1,0.4,9.3,59.15,33.1,10.1,-14.5,778.5,1.2,5,-24.1,9
2024/2/20 8:00,33.5,0.44,10.3,56.8,33.5,8.85,-15.5,780.1,1.7,4,-24.5,9.7
2024/2/20 11:00,45.45,0.47,12.55,54.2,46.95,9.35,-13.5,779.7,-0.5,3,-22.7,16.75
2024/2/20 14:00,45.75,0.49,13.9,58.65,45,9.55,-12.8,778.3,-1.3,5,-20.8,19.55
2024/2/20 17:00,37.65,0.51,15.1,59.3,37.35,9.15,-12.6,778.4,0.1,5,-20.2,20.3
2024/2/20 20:00,35.55,0.525,15.5,58.35,34.2,9.05,-13,778.7,0.3,4,-20.6,21.35
2024/2/20 23:00,38.05,0.56,15.3,55.55,36.25,9.7,-13.9,779.2,0.5,5,-20.8,23.7
2024/2/21 2:00,34.75,0.58,15.5,52.3,34.9,10.3,-13.1,779.4,0.1,4,-20.7,22.35
2024/2/21 5:00,31.85,0.525,18.55,47.75,30.1,10.45,-12.6,778.7,-0.6,3,-21.6,21.5
2024/2/21 8:00,29.3,0.535,18.4,47.9,26.05,10,-12.2,778.9,0.1,4,-21.2,19.35
2024/2/21 11:00,29.66666667,0.544444444,12.55,58.95,28.83333333,9.25,-9.6,778.3,-0.5,4,-20.1,19.95
2024/2/21 14:00,30.55,0.535,11.55,69.6,30.05,9.25,-8.7,777.1,-1.2,5,-20.2,20.25
2024/2/21 17:00,26.65,0.435,12.4,72.25,26.45,7.85,-9.4,777,-0.1,6,-19.7,15.45
2024/2/21 20:00,32.15,0.485,17,61.4,29.15,8.4,-10.9,778.1,1.1,4,-19.5,21.75
2024/2/21 23:00,34.35,0.585,19.85,59.1,31.05,10.05,-11.9,778.8,0.7,3,-21.4,23.4
2024/2/22 2:00,31.5,0.5,21.3,54.95,27.1,8.75,-12.3,779.4,0.6,3,-21.8,21.75
2024/2/22 5:00,43.4,0.59,31.1,42,38.6,10.5,-13.5,779.5,0,3,-21,29.3
2024/2/22 8:00,32.8,0.56,26.85,49.3,29.65,10.15,-11.4,779.2,-0.2,4,-21.5,22.75
2024/2/22 11:00,36.4,0.61,22.6,57.45,32,11.45,-8.9,780.3,1.1,3,-19.5,24.75
2024/2/22 14:00,36.95,0.57,17.3,71.55,34.05,9.3,-7.5,778.8,-1.5,4,-17.9,24.75
2024/2/22 17:00,35.5,0.515,16,75.15,32.1,8.25,-7.6,778.1,-0.7,4,-18.9,24
2024/2/22 20:00,43.5,0.58,23.6,58.95,39.9,9.5,-9,779,0.9,3,-17.3,29.4
2024/2/22 23:00,63.55,0.7,28.6,60.6,55.25,11.15,-10.4,779.2,0.5,3,-18.8,45.3
2024/2/23 2:00,60.9,0.665,36.85,50.5,55.95,12.9,-11.1,779.2,0.1,3,-20,43.1
2024/2/23 5:00,59.95,0.625,33.9,52.25,54.65,13.6,-11.7,779.3,0,3,-20,42.7
2024/2/23 8:00,79.6,0.78,42.95,40.6,73.95,14.6,-11.3,780.3,1,3,-19.4,56.7
2024/2/23 11:00,41.65,0.575,21.55,69.55,38.6,11.5,-5,779.4,-0.9,4,-18.4,27.9
2024/2/23 14:00,37.7,0.535,21.1,75.6,35.6,10.4,-3.3,778,-1.3,3,-15,25.9
2024/2/23 17:00,37.65,0.565,24.95,71.9,34.65,11,-4.1,777.6,-0.5,4,-14.3,25.7
2024/2/23 20:00,61.4,0.725,31.15,64.25,53.25,11.8,-5.7,777.1,-0.4,3,-14,43.75
2024/2/23 23:00,80.15,0.855,47.25,38.3,71.7,15.05,-7.1,776.4,-0.7,2,-14,58.75
2024/2/24 2:00,88.35,0.96,56,22.85,79.2,16.2,-9,775.9,-0.5,1,-14.6,65.3
2024/2/24 5:00,76.7,0.845,59.3,15.65,68.65,13.95,-11.6,774.8,-1.1,1,-15.3,56.05
2024/2/24 8:00,72.6,1.065,46.05,23.7,60.55,11.55,-8.8,774.8,0,1,-14.8,52.85
2024/2/24 11:00,72.7,1.08,46.7,38.05,66.15,21.25,-3,773.8,-0.9,1,-13,52.85
2024/2/24 14:00,87.05,1.225,62,36.45,79.9,24.3,-0.2,771.8,-2,1,-12.2,64.25
2024/2/24 17:00,79.35,0.915,58.55,41.3,77.7,22.85,-1.1,771.7,-0.2,2,-11,58.3
2024/2/24 20:00,96.45,0.865,57.9,38.7,85.2,23.05,-3.4,771.1,-0.6,1,-11.8,72
2024/2/24 23:00,143.35,1.005,57.85,35.95,130.6,27.65,-3.3,771.4,0.4,1,-12.2,109.15
2024/2/25 2:00,131.7,0.905,42.95,50.8,118,21.85,-5,771.4,0,2,-12.9,100
2024/2/25 5:00,134.3,0.92,53.5,39.25,119.75,18.65,-9.8,771.4,0,0,-13.9,101.9
2024/2/25 8:00,150.95,1.12,64.1,24.55,129.25,18.95,-5.1,772.1,0.7,1,-9.9,114.45
2024/2/25 11:00,74.4,0.685,27.95,73.75,65.85,16.8,-1.4,772.8,0.7,3,-14.2,54.4
2024/2/25 14:00,54.6,0.54,19.8,92.15,50.95,12.6,0.4,772.5,-0.3,3,-13.3,38.35
2024/2/25 17:00,48.55,0.52,19.95,92.75,42.8,10.6,-1.1,773.2,0.6,3,-13.6,34.05
2024/2/25 20:00,65.6,0.65,32.05,76.35,58.65,12.25,-3.2,775,1.8,2,-12.9,47.15
2024/2/25 23:00,79.1,0.75,50.1,53.55,71.05,14.15,-5,776.1,1.2,2,-12.6,57.9
2024/2/26 2:00,96.05,0.795,48.45,41.45,91.9,14.85,-5.6,777,0.9,2,-12.3,71.7
2024/2/26 5:00,80.2,0.815,45.25,31.35,79.6,16.75,-6.9,777.5,0.4,3,-14.2,58.8
2024/2/26 8:00,72.1,0.805,40.3,32.55,73.9,13.9,-6.9,778.6,1.1,2,-14.4,52.25
2024/2/26 11:00,68.65,0.77,33.3,53.7,72.5,13.8,-2.4,778.4,-0.2,3,-13.9,49.55
2024/2/26 14:00,46.65,0.5,16.65,82.6,47.9,8.9,0.8,776.7,-1.6,3,-16.1,24.35
2024/2/26 17:00,46.55,0.495,22.95,78.45,47.75,10.05,-1.3,775.8,-0.9,4,-14.8,24.2
2024/2/26 20:00,56.95,0.64,34.35,59.85,62.8,11.65,-3.8,775.9,0,3,-13.7,36.8
2024/2/26 23:00,72.35,0.825,56.25,28.15,82.85,14.5,-6.9,775,-0.8,1,-14,51.35
2024/2/27 2:00,68.95,0.885,57.1,21.75,82.85,22.7,-11.1,774.1,-1,1,-14.8,47.6
2024/2/27 5:00,62.65,1.065,42.5,34.65,72.8,19.2,-10.9,772.6,-1.5,1,-14.8,39.8
2024/2/27 8:00,69.75,1.685,54.3,19.9,83.5,21.55,-8.8,772.7,0.1,1,-12.8,48.65
2024/2/27 11:00,95.15,2.385,58.45,36.95,118.65,36.35,0.5,772.1,-0.5,4,-11.9,70.35
2024/2/27 14:00,95.25,2.145,58.6,48.95,113.9,34.25,3.1,770.5,-1.6,3,-12.8,70.95
2024/2/27 17:00,76.25,1,47.9,54.3,89.65,15.25,2.5,770.5,-0.1,2,-13.3,55.4
2024/2/27 20:00,125.55,1.16,65.2,35.6,143.15,22.85,0.7,771.5,1.1,2,-13.4,94.65
2024/2/27 23:00,145,1.3,70.95,23.1,161.6,23.9,-1.4,772.3,0.9,1,-11,110.2
2024/2/28 2:00,171.7,1.36,62,22.2,182.35,21.1,-2.9,772.3,0,0,-10.9,130.65
2024/2/28 5:00,167,1.185,57.6,20.7,166.15,18,-2.4,772.3,0,1,-8.3,126.15
2024/2/28 8:00,183.7,1.045,42.6,25.95,174.15,13.85,-2.4,773.5,1.2,2,-4.9,131.3
2024/2/28 11:00,80.25,0.75,28.2,43.6,89.6,13.5,-2,773.8,0.8,2.5,-6,61.25
2024/2/28 14:00,69.75,0.66,24.55,56.55,75.2,11.65,-1.6,774.1,0.4,3,-7.1,50.55
2024/2/28 17:00,60.8,0.6,23.6,66.95,65.75,9.55,-2.7,774.1,0,3,-7.8,43.1
2024/2/28 20:00,105.75,0.745,30.1,65.9,109.9,9.5,-4.5,775,0.9,3,-8.6,79.35
2024/2/28 23:00,114.45,0.785,32.8,65.15,118.1,10.15,-6.5,775.5,0.6,3,-9.7,86.3
2024/2/29 2:00,111.9,0.915,44.6,51.9,112.6,12.5,-6.8,775.8,0.3,2,-10.8,84.2
2024/2/29 5:00,103.6,0.905,48.1,44.45,102.7,13.4,-8.4,775.7,-0.2,1,-12,77.55
2024/2/29 8:00,115.65,0.985,63.95,27,111.4,16.05,-7.1,776.3,0.6,2,-11.1,87.15
2024/2/29 11:00,35.35,0.47,16.7,73.7,34,10.4,-4.6,775.9,-0.4,4,-18.4,16.3
2024/2/29 14:00,28.05,0.385,9.8,84.5,19.2,9.8,-3.1,774.3,-1.6,3,-21.8,8.55
2024/2/29 17:00,28,0.39,11.35,83,20.7,8.5,-4.6,773.7,-0.6,4,-22.6,9.55
2024/2/29 20:00,37.35,0.405,14.25,72.8,37.5,8.8,-6.3,774.4,0.7,4,-23.1,11.95
2024/2/29 23:00,48,0.42,15.55,65.9,51.9,9,-8.5,774.7,0.3,3,-26.4,11.5
2024/3/1 2:00,39.4,0.405,13.85,64.6,39.4,10.85,-10,773.8,-0.9,4,-25.1,9.5
2024/3/1 5:00,29.7,0.385,11.85,65.35,29.7,9.4,-11.2,772.9,-0.9,4,-23.6,8.1
2024/3/1 8:00,31.05,0.445,18.2,58.15,29.7,8.9,-11.1,773.4,0.5,3,-23.2,11.85
2024/3/1 11:00,31.65,0.425,12.6,68.05,31.65,10.3,-8.3,772.3,-1.1,3,-22.4,11.5
2024/3/1 14:00,34,0.405,12.75,75.75,34,10.35,-5.8,770.1,-2.2,4,-24.6,13.8
2024/3/1 17:00,46.35,0.475,16.35,77.65,46.35,9,-5.8,768.7,-1.4,4,-24.6,21.4
2024/3/1 20:00,76.95,0.615,39.15,57.25,85.95,13.45,-8.4,767.9,-0.8,1,-22.2,53.15
2024/3/1 23:00,79.2,1.14,43.6,40.35,90.5,26.2,-9.7,766.7,-1.2,1,-19.9,56.9
2024/3/2 2:00,57.55,0.76,32.25,52.7,64.45,17.15,-8.7,764.3,-2.3,0,-19.6,33.45
2024/3/2 5:00,56.95,1.13,39.75,36.1,63.4,17.3,-7,762.8,-1.5,0,-18.3,32.45
2024/3/2 8:00,60.55,0.92,39.1,36,65.7,20.05,-6,763.3,0.5,2,-13.4,39.2
2024/3/2 11:00,34.2,0.485,16.6,76.55,33.3,11.7,-3.6,763.1,-0.2,2,-19.9,17.75
2024/3/2 14:00,31.65,0.4,11.65,86.25,30.25,8.9,-1.3,761.6,-1.4,2,-18.3,15.7
2024/3/2 17:00,30.4,0.385,13,82.7,29.9,7.3,-0.6,761.1,-0.6,2,-17.7,12.45
2024/3/2 20:00,52.6,0.595,43.9,47.35,53.05,11.55,-4.2,762.1,1,1,-16.7,32.7
2024/3/2 23:00,57.2,0.68,41.35,45.65,62.25,15.25,-7.8,761.5,-0.6,1,-15.3,33.55
2024/3/3 2:00,93.1,0.79,41.55,44.3,112.15,16.8,-4.5,762.5,1.1,2,-14.1,68.4
2024/3/3 5:00,63.55,0.655,37.2,38.25,74.45,12.05,-10.6,763.3,0.7,0,-15,40.4
2024/3/3 8:00,66.45,0.755,42.2,36.55,74.9,13.85,-4.1,764.7,1.4,4,-15.4,45.4
2024/3/3 11:00,26.85,0.415,10.6,78,24.7,8.3,-1.6,765.6,0.9,4,-16.5,12.95
2024/3/3 14:00,28.15,0.41,9.4,84.65,25.4,8.4,0.5,764.2,-1.3,4,-17.7,12.55
2024/3/3 17:00,26.7,0.39,12.45,80.25,23.25,9.5,0.7,764.5,0.2,2,-18.6,11.85
2024/3/3 20:00,48.35,0.585,44.2,45.9,38.5,11.45,-4.9,765.4,0.9,1,-14.7,30.9
2024/3/3 23:00,65.95,0.86,73.15,13.85,66.55,15.4,-8.3,765.7,0.3,0,-15.7,44.85
2024/3/4 2:00,63.1,0.99,63.5,16.2,69.7,17.25,-9.6,766.9,1.2,1,-15.3,41.1
2024/3/4 5:00,71.5,1.295,65.9,6.5,85.95,21.8,-10.1,766.9,-0.1,1,-14.5,47.1
2024/3/4 8:00,75.7,1.61,55.5,11.6,92.9,26.2,-6.2,767.9,1.1,2,-12.5,53.8
2024/3/4 11:00,62.05,1.275,37.45,52,73.8,19.45,3.8,767.5,-0.3,2,-15.4,38
2024/3/4 14:00,32.6,0.595,17.55,74.95,32.5,10.7,6.4,766,-1.6,1,-18.4,16.2
2024/3/4 17:00,38.7,0.68,30.5,65.9,38.7,12.15,4.9,765.7,-0.3,1,-16.8,20.65
2024/3/4 20:00,60.25,0.795,55,36.6,62.4,12.85,2,766.4,0.8,2,-16,39.95
2024/3/4 23:00,61,0.675,38.2,53.15,65.8,12.7,-0.7,767.2,0.8,2,-12.6,42.45
2024/3/5 2:00,61.9,0.69,35.15,54.55,61.1,12.4,-0.4,767.4,0.2,1,-14,42.55
2024/3/5 5:00,53.55,0.64,29.75,55.75,52.8,11.45,-0.9,766.8,-0.6,2,-12.8,36.1
2024/3/5 8:00,43.8,0.675,39.7,36.05,41.25,12.1,0.3,767.7,0.9,3,-14.1,29.65
2024/3/5 11:00,38,0.555,24.95,56.05,39.35,9.25,2.7,767.6,-0.1,3,-16.4,23.7
2024/3/5 14:00,28.05,0.445,11.25,79,25.75,7.3,5.3,766,-1.5,4,-16.5,13.25
2024/3/5 17:00,30.35,0.475,14.2,78.1,30.15,7.3,3.3,766.4,0.3,4,-16.4,14.4
2024/3/5 20:00,29.4,0.5,28.25,55.7,29.4,8.5,0.6,767.6,1.2,4,-14.6,17.1
2024/3/5 23:00,39.85,0.595,33.25,46.5,36.8,11.35,-1.3,768.6,0.9,2,-13.2,25.8
2024/3/6 2:00,38.2,0.575,35.15,40,36.1,9.9,-2.7,768.9,0.3,2,-14.4,25.05
2024/3/6 5:00,49.5,0.705,50.35,21.1,46.1,14.25,-4.4,768.9,0,2,-13.5,33.3
2024/3/6 8:00,50.55,0.81,46.6,25.5,50.3,18.4,-2.7,769.6,0.7,2,-12.4,33.3
2024/3/6 11:00,41.5,0.575,22.38888889,63.65,41.2,11.25,1,769.6,0,3,-13.8,24.1
2024/3/6 14:00,28.5,0.45,12.4,80.05,27.7,8.6,3.1,767.2,-2.3,4,-16.6,16.65
2024/3/6 17:00,30.7,0.465,15.35,80.15,30.3,8.05,2.5,766.8,-0.5,2,-17.1,16.6
2024/3/6 20:00,43.2,0.6,41.75,46.8,43.2,10.9,-2,767.1,0.3,2,-16.1,26.3
2024/3/6 23:00,51.9,0.72,67.05,19.75,51.1,13.25,-6.1,767.1,0,0,-14.8,33.05
2024/3/7 2:00,62.4,0.91,75.5,6.15,70.9,14.25,-9.7,766.2,-0.9,1,-14.1,42.1
2024/3/7 5:00,89,1.14,74.5,5.65,98,17.15,-11.3,765.5,-0.7,0,-14.2,65.4
2024/3/7 8:00,86.1,1.36,59.05,10.15,98.75,22.25,-5,765.4,0,1,-11.4,64.65
2024/3/7 11:00,80.45,0.995,40.85,65.8,97.95,20.9,3,764.4,-1.1,3,-15.1,59.55
2024/3/7 14:00,54.45,0.605,21.2,88.5,59.6,13.95,5.2,762.9,-1.5,3,-14.2,36.1
2024/3/7 17:00,32.05,0.42,14.4,79.55,31.55,7.45,4.2,763.1,0.3,3,-13.6,13.85
2024/3/7 20:00,44.35,0.58,32.65,55.8,42.7,13.7,1.4,764.5,1.3,2,-14.7,25.85
2024/3/7 23:00,91.55,0.895,49.7,23.7,104.2,15.05,0.4,765.1,0.7,3,-15.6,67.45
2024/3/8 2:00,41.1,0.485,14.45,61.75,41.85,9.8,-1.5,765.5,0.4,4,-14,15.75
2024/3/8 5:00,33.95,0.42,12.55,70.85,33.95,10.3,-3.4,766,0.6,3,-13.6,14.55
2024/3/8 8:00,35.8,0.485,17.4,63.45,35.8,9.55,-3.6,767.2,1,4,-14.1,18.35
2024/3/8 11:00,45.25,0.445,11.8,72.35,44.8,9.6,-0.4,767.9,0.8,4,-12.3,19.2
2024/3/8 14:00,46.95,0.46,11.5,82.1,48.25,7.8,1.2,767.9,0,4,-14.9,22.45
2024/3/8 17:00,41.35,0.44,12.05,81.25,41.35,8.15,-0.1,768.3,0.3,3,-15.6,21.85
2024/3/8 20:00,45.05,0.545,27.25,52.1,45.45,8.45,-3.3,769.3,0.9,1,-14.1,27.45
2024/3/8 23:00,52.6,0.66,45.4,27.85,53.35,11.85,-8,769.6,0.4,1,-13.8,33.95
2024/3/9 2:00,58.1,0.77,53.15,13.2,58.2,10.9,-10.2,770.2,0.5,1,-13.9,39.15
2024/3/9 5:00,65.3,1.025,53.1,5.6,70.05,14.35,-11.3,769.9,-0.3,1,-14.1,46.35
2024/3/9 8:00,74.65,1.17,40.05,17.95,76.3,17.65,-5.3,770.3,0.5,1,-11.4,54.45
2024/3/9 11:00,54.55,1.17,30.8,55,59.1,21.1,2.5,769.7,-0.6,2,-15.1,34.6
2024/3/9 14:00,40.05,0.705,17.55,85.05,39.5,13.65,6,767.8,-1.9,2,-15.3,25.5
2024/3/9 17:00,71.85,0.955,28.2,94.4,74.7,19.3,5.8,767.1,-0.7,2,-15.4,51.5
2024/3/9 20:00,83.8,1.135,63.65,44.75,96.4,17,-2.2,767.9,0.8,1,-14.3,61.65
2024/3/9 23:00,188.8,1.455,75.95,25.15,198.5,23.55,-5,768.3,0.4,0,-12.6,145.2
2024/3/10 2:00,144.85,1.885,79.15,8.2,150.7,27.05,-6.4,767.7,-0.6,1,-12.5,109.8
2024/3/10 5:00,80.05,1.815,64.6,17.7,90.2,24.95,-5.9,767.3,-0.3,2,-11.4,58.7
2024/3/10 8:00,90.4,1.995,62.2,21.15,103.15,26.3,-0.4,767.5,0.2,1,-7.9,67.05
2024/3/10 11:00,69.7,0.83,24.65,81.05,81.2,17.15,8.6,766.8,-0.7,4,-5.3,48.8
2024/3/10 14:00,106.4,1.015,27.65,98.5,142.2,17.9,11.2,765,-1.8,4,-3.3,79.15
2024/3/10 17:00,123.9,1.055,31.7,108,180.8,18,9.7,765,0,4,-3.9,92.3
2024/3/10 20:00,159,1.135,46.45,83.1,210.8,21.4,5.3,765.2,0.2,1,-3.2,120.95
2024/3/10 23:00,90.2,0.99,37.45,62.05,102,18.1,1.4,765.1,0,1,-3.1,66.95
2024/3/11 2:00,88.45,0.99,30.3,76.5,101.75,15.8,1.1,764.3,-0.8,1,-3.2,65.4
2024/3/11 5:00,74.85,1.105,35.9,62.15,80.7,18.65,1.9,763.3,-1,1,-2.6,54.65
2024/3/11 8:00,75.55,1.115,61.2,34.55,80.35,18.95,4.1,763.9,0.6,1,-0.7,55.1
2024/3/11 11:00,74.8,0.98,48.05,44.5,76.4,14.15,4.1,764.6,0.6,2,1.3,54.55
2024/3/11 14:00,78.15,0.9,31.15,61.1,85.9,11.8,4.2,764.2,-0.3,2,2.4,57.35
2024/3/11 17:00,85.1,0.805,32.45,69.9,85.9,11.25,5.1,764.3,0,0,1.4,62.75
2024/3/11 20:00,54.35,0.76,45.65,47,54.5,10.75,3.6,765.7,1.4,3,-8.4,37.8
2024/3/11 23:00,35.8,0.615,30.25,55.55,34.75,10.3,-1.1,766.4,1.3625,0,-9.5,23.2
2024/3/12 2:00,40.4,0.71,58.3,19.85,39.3,11.1,-5.6,766.5,1.325,0,-8.8,27.05
2024/3/12 5:00,60,0.91,58.8,14.8,62.8,11.45,-7.5,766.8,1.2875,1,-9.1,42.2
2024/3/12 8:00,100.35,1.47,54.8,11,91.65,12.45,-2.7,767.2,1.25,1,-4.4,67.65
2024/3/12 11:00,46.85,0.7,30.8,69.75,50.95,13.05,6,766.9,1.2125,3,-9.8,30.25
2024/3/12 14:00,39.9,0.54,17.1,106.55,39.95,11.15,8.6,765.2,1.175,3,-11.4,26
2024/3/12 17:00,42.6,0.505,19.75,104.25,42.5,10.45,8.9,764,1.1375,2,-12.8,22.55
2024/3/12 20:00,61.25,0.765,73.05,40.3,66.55,13.05,0.2,764.2,1.1,1,-11.5,41.4
2024/3/12 23:00,122.1,0.965,43.55,51.15,123.75,18.2,2.5,764.1,1.0625,2,-9.4,92.05
2024/3/13 2:00,76.25,1.435,52.75,40.55,87.4,28.75,3.1,762.9,1.025,2,-9.5,55.4
2024/3/13 5:00,103.55,1.62,44.55,47.85,107.85,26.6,2.7,762.4,0.9875,3,-8,77.65
2024/3/13 8:00,142.65,1.39,51,36.05,141.7,20.05,3.6,763,0.95,3,-4.4,108.6
2024/3/13 11:00,65.66666667,0.685,25.2,84.94444444,70.3,14.83333333,8.8,763,0.9125,4,-7.4,48.55
2024/3/13 14:00,38.9,0.455,13.7,109.25,38.9,10.5,11.5,762.3,0.875,4,-8.9,19.5
2024/3/13 17:00,39.35,0.395,14.25,96.2,38.75,8.8,11.4,762.4,0.8375,3,-10.8,14.2
2024/3/13 20:00,54.2,0.715,62.3,35.3,59.9,13.15,2.9,763.6,0.8,1,-9.1,30.85
2024/3/13 23:00,88.1,1.2,87.8,8.2,114.35,14.6,-1.4,764.3,0.7625,1,-7.9,64.4
2024/3/14 2:00,236.3,1.64,78.4,12.55,264.5,30,1.1,764.3,0.725,2,-7.7,186.7
2024/3/14 5:00,135.4,1.95,67.75,21.15,140.1,48.75,-2.5,763.9,0.6875,1,-7.8,102.8
2024/3/14 8:00,131.55,2.14,62.1,42.7,135.4,47.35,6.1,763.8,0.65,3,-7.1,99.45
2024/3/14 11:00,141.3,1.815,42.55,105.55,151.9,30.25,12.5,763.1,0.6125,5,-6.5,107.05
2024/3/14 14:00,143.5,0.92,26.35,161.15,160.7,16.75,14.5,761.2,0.575,6,-3.3,109.4
2024/3/14 17:00,147.05,0.955,29.8,151.6,171.75,16.85,14.1,759.7,0.5375,4,-0.7,111.65
2024/3/14 20:00,234.2,2.08,51.85,112.9,249.7,28.4,10.2,760.1,0.5,4,-0.9,184.2
2024/3/14 23:00,164.25,1.185,30.6,130.95,178.45,22.65,10.6,760,-0.1,6,0.1,124.6
2024/3/15 2:00,152.6,1.05,25.6,121.45,164.45,17.4,8.8,760.9,0.9,4,-0.5,116.15
2024/3/15 5:00,166.95,0.975,38.55,86.1,170.65,14.8,5.1,763.2,0.9,1,-0.9,127.05
2024/3/15 8:00,190.55,1.215,74.85,37,190.15,17.75,7.3,766,0.9,0,0.9,144.85
2024/3/15 11:00,47.85,0.505,18.45,86.35,49.05,10.55,12.2,766.9,0.9,4,-6.2,27.65
2024/3/15 14:00,33.95,0.385,13.65,102.05,28.35,8.85,14,766.3,-0.5,2,-8.6,14.8
2024/3/15 17:00,34.5,0.41,17.75,102.05,28.25,8.45,13,766,-0.4,3,-10.1,13.2
2024/3/15 20:00,42.3,0.545,39.85,61.65,41.85,11.35,8.9,766.9,0.9,2,-10.1,25.25
2024/3/15 23:00,71.15,0.77,57.6,35.8,75.6,13.55,2.1,766.4,-0.5,1,-10.7,50.65
2024/3/16 2:00,87.4,1.16,57.3,28.95,100.7,19.4,2.1,765.1,-1.3,1,-6.7,63.4
2024/3/16 5:00,73.3,1.47,48.25,31.6,80,21.7,-1.1,763.7,-1.4,0,-6.8,51.6
2024/3/16 8:00,244.9,2.15,66.95,47.45,262.8,30.8,4.6,763.4,-0.3,1,-1.4,197.15
2024/3/16 11:00,187.2,1.275,37.3,115.6,191.15,20.65,13.4,761.6,-1.7,5,1.1,141.05
2024/3/16 14:00,120.9,0.805,24.2,120,142.2,13.75,12.7,760,-1.6,5,-0.9,88.85
2024/3/16 17:00,100.65,0.74,29.6,95.9,104.15,16.75,11.6,758.7,-1.4,4,1.3,75.15
2024/3/16 20:00,117.8,0.84,34.35,81.45,119.3,16.1,10,761,2.4,3,3.9,89
2024/3/16 23:00,217.75,0.39,11.45,80.25,308.35,8.65,6.2,763.3,2.2,6,-9.3,24.7
2024/3/17 2:00,211.05,0.465,11.85,73.8,313.45,8.2,3.1,766.3,3,6,-5.8,31.25
2024/3/17 5:00,47.1,0.38,9.8,69.1,50.85,10,0.8,769.2,2.9,4,-5.9,10.5
2024/3/17 8:00,38.65,0.395,13.55,67.75,40.65,9.4,0.4,771.2,1.9,6,-7.4,11.35
2024/3/17 11:00,48.65,0.4,11.8,86.85,52.95,9.65,3.2,771.3,0.1,5,-11.9,16.75
2024/3/17 14:00,45.95,0.41,11.6,97.8,46.65,9.35,5.1,769.4,-1.9,4,-14.3,16.85
2024/3/17 17:00,54.5,0.46,16.85,103.05,61.25,10.4,5,767.6,-1.8,2,-14.4,26.7
2024/3/17 20:00,61.8,0.59,47.85,55.6,67.4,11.45,-0.9,768.9,1.2,0,-13.4,37.5
2024/3/17 23:00,111.2,0.87,66.45,30.5,135.6,17.75,-3.5,768.1,-0.7,1,-11.7,82.4
2024/3/18 2:00,107.6,1.015,44.8,43.3,118.9,20.5,-2.1,767,-1.1,0,-10.2,80.2
2024/3/18 5:00,133.9,1.37,46.9,47.1,140,21.35,-1.1,765.7,-1.2,1,-7.2,101.45
2024/3/18 8:00,98.6,1.38,43.9,50.15,105.75,21.9,2.5,766.4,0.6,3,-5.9,73.65
2024/3/18 11:00,73.15,0.725,29.55,77.45,70.95,16.6,6.5,765.8,-0.6,3,-6.1,53.2
2024/3/18 14:00,54.9,0.51,18.15,104.3,53.1,12.8,9.7,764.2,-1.6,2,-7,37.9
2024/3/18 17:00,70.15,0.525,18.95,104.3,72.2,9.8,8.3,763.9,-0.3,3,-7.4,50.25
2024/3/18 20:00,58.55,0.585,43.15,60.1,59.05,9.95,1.6,763.7,-0.2,1,-6.5,41.4
2024/3/18 23:00,65.15,0.595,33.9,62.4,69.75,11.85,3.2,763.8,0.2,2,-7.9,46.75
2024/3/19 2:00,51.6,0.505,18.8,77.05,54.95,10.25,1.8,763.7,-0.1,4,-3.1,34.8
2024/3/19 5:00,40.55,0.5,17.7,73.85,37.95,10.6,2,763.1,0.15,1,-5.2,26.95
2024/3/19 8:00,43,0.535,28.1,59.55,43,10.2,1.9,763.6,0.4,2,-2.1,27.95
2024/3/19 11:00,38,0.48,16.25,85.2,36.5,9.1,4.7,762.8,-0.7,4,-7.7,26.95
2024/3/19 14:00,60.2,0.525,18.05,92.1,59.1,9.7,5,762.6,-0.2,2,-6.2,42.35
2024/3/19 17:00,33.7,0.395,15.1,85.95,32.65,8.4,6,763.4,0.8,4,-11.6,19.1
2024/3/19 20:00,56.25,0.54,33.8,55.35,55.85,11.45,4.4,765.3,1.8,3,-10.5,38.3
2024/3/19 23:00,47.6,0.485,23.75,56.25,47.9,10.05,2.7,766.9,1.6,3,-9.9,25.75
2024/3/20 2:00,51.3,0.46,20.3,57.8,52.3,10.4,0.6,768.1,1.233333333,3,-8.4,27.25
2024/3/20 5:00,36.6,0.37,17.6,63.55,36.6,10.25,-1.1,768.7,0.866666667,4,-12.4,17.45
2024/3/20 8:00,34.1,0.46,27.15,57.15,36.35,12.1,-0.2,769.3,0.5,3,-13.1,18.6
2024/3/20 11:00,42,0.455555556,20.15,78.05,44.6,11,3.3,768.7,-0.6,4,-11.4,25.5
2024/3/20 14:00,54.2,0.46,14.55,108.55,56.9,9.9,5.2,766.5,-2.2,4,-13.2,36.35
2024/3/20 17:00,50.3,0.45,16.75,102.95,50.65,10.15,5.9,765.2,-1.3,3,-14.8,31.55
2024/3/20 20:00,67.7,0.625,57.25,53.15,71.45,11.3,-0.3,765.1,-0.2,0,-11.7,48.15
2024/3/20 23:00,64.7,0.59,29.85,57.6,68.25,13.85,1.7,765,0,3,-8.4,44.05
2024/3/21 2:00,71.3,1.18,39,44.15,75.45,20.4,0.8,764,-1,1,-8.7,51.35
2024/3/21 5:00,76.9,1.1,51.6,26.7,82.3,17.65,0,762.9,-1.1,1,-8,56.25
2024/3/21 8:00,99.15,1.615,53.9,33.7,99.8,23.25,3.6,763,0.2,2,-7.8,74.05
2024/3/21 11:00,71.7,1.15,31.25,83,72.1,19.75,9.8,761.6,-1.4,3,-7.8,48.8
2024/3/21 14:00,51.75,0.905,21.85,100.95,53.65,14.55,12.8,758.8,-2.7,4,-7.8,33.05
2024/3/21 17:00,63.15,0.715,24.65,117.9,63.05,14.2,12.4,757.3,-1.6,2,-7.1,44.3
2024/3/21 20:00,86.65,0.905,36.65,89,93.15,15.9,7,758.2,0.9,2,-7,63.15
2024/3/21 23:00,56.35,0.71,24.85,93,62.05,13.95,5.8,758.5,0.3,2,-8.5,33.7
2024/3/22 2:00,57.15,0.63,17,95.9,63.25,11.9,5.3,757.3,-1.1,3,-2.1,34.2
2024/3/22 5:00,38.6,0.585,14.55,99.7,36.35,10.9,5.8,755.5,-0.55,4,-1.1,18.9
2024/3/22 8:00,33.5,0.58,18.75,87.75,33,8.25,2.8,755.5,0,3,1,19.6
2024/3/22 11:00,29.05,0.645,26.45,69.15,27.7,8.6,4.4,754.3,-1.1,1,1.8,17
2024/3/22 14:00,26.65,0.645,20.05,75.8,23.9,9.3,5.8,754.3,-0.1,2,1.5,16.5
2024/3/22 17:00,23.85,0.725,27.5,67.3,21.75,9.8,6.2,754.9,0.6,2,1.7,14.7
2024/3/22 20:00,34,0.865,43.25,45.95,29.65,10.6,3.6,756.7,1.8,0,1.2,22.45
2024/3/22 23:00,48.1,0.96,51.65,29.15,42.9,16.35,0.7,757.9,1.2,1,-0.2,31.95
2024/3/23 2:00,66.65,0.985,51.1,18.95,60.15,15.5,2,759.4,1.5,1,1.1,47.9
2024/3/23 5:00,104.45,0.925,42.7,19.7,108.6,9.45,1,761,1.6,1,0.3,78.3
2024/3/23 8:00,114.6,1.08,42.4,18.95,114.4,14.15,3.3,763,2,0,2.9,86.45
2024/3/23 11:00,100.7,0.965,31.4,65.95,87.65,16.5,10.3,763.5,0.5,2,3.1,73.6
2024/3/23 14:00,95.3,1.315,28.75,98.5,97.5,14.6,14.1,762.1,-1.3,2,3.6,71.05
2024/3/23 17:00,102.25,1.495,34.7,96.15,103.55,16.5,13.8,762.3,0.1,2,4.1,76.45
2024/3/23 20:00,110.75,1.195,66.6,57.15,116.2,13.35,7.5,763.9,1.6,1,4.1,83.15
2024/3/23 23:00,139.45,1.335,81.25,30.88888889,140.85,12.9,3.8,765.1,1.2,0,2.6,105.95
2024/3/24 2:00,107.5,0.875,32.85,46,115.1,11.4,5.5,766.3,1.2,4,0.7,80.65
2024/3/24 5:00,22.05,0.435,13.6,52.75,18.9,9.05,3.3,767.5,1.2,4,-4.2,9.8
2024/3/24 8:00,21.35,0.435,18.3,50.5,20.35,10.15,3.1,768.9,1.3,4,-6.8,8.85
2024/3/24 11:00,27.7,0.45,17.3,62.6,27.7,9.6,7.6,768.6,-0.2,4,-6.9,10.95
2024/3/24 14:00,30.5,0.45,14.45,86,27.75,8.95,10.2,766.9,-1.7,3,-7,12.4
2024/3/24 17:00,29.7,0.46,18.9,86.05,28.2,10.55,8.5,766.6,-0.3,3,-8.5,12.25
2024/3/24 20:00,30.7,0.515,21.6,72.85,30.55,10.75,6.5,766.9,0.2,3,-9.8,16.5
2024/3/24 23:00,45.65,0.585,27.8,53.1,45.6,12.7,5.4,766.9,0.1,2,-8.5,27.5
2024/3/25 2:00,46.9,0.595,31.25,41.35,48.45,11,4.25,766,-0.1,2,-8.1,30
2024/3/25 5:00,52.3,0.66,40.05,24.8,51.05,12.7,3.1,765.1,-0.3,2,-7.7,34.2
2024/3/25 8:00,51.8,0.735,39.25,26.15,52.65,14.9,4,766.1,-0.5,2,-6.3,35.3
2024/3/25 11:00,50.25,0.71,31.15,58.95,50.6,13.8,8.8,765.4,-0.7,3,-6.2,32.05
2024/3/25 14:00,68.85,0.64,22.45,117.55,68.55,12.45,11.9,763.7,-0.35,3,-7,47.85
2024/3/25 17:00,63.75,0.63,25.05,105.45,62.7,13.45,10.6,763.8,0,4,-7.6,45.7
2024/3/25 20:00,124,0.73,30.9,109.6,126.65,12.45,8.6,764.2,0.4,3,-7.2,93.8
2024/3/25 23:00,143,0.825,35.7,68.4,137.2,14.15,6.5,764.3,0.1,2,-7.1,108.3
2024/3/26 2:00,126.6,0.875,39.45,38.05,124.75,13.7,3.7,764.2,-0.1,1,-6.8,95.7
2024/3/26 5:00,102.1,0.8,43.25,24,95.9,12.3,-1.7,764.9,0.7,1,-6.8,76.15
2024/3/26 8:00,95.3,0.91,45.8,24.5,90.3,13.6,4.5,766.1,1.2,1,-5,71.55
2024/3/26 11:00,87,0.9,44.9,64.55,90.45,20,10.9,765.8,-0.3,2,-6,64.45
2024/3/26 14:00,62.8,0.64,35.35,91.65,62.7,14.05,14.9,764.2,-1.6,2,-7.9,44.7
2024/3/26 17:00,62.15,0.52,27.35,114.85,64.4,12.65,14,763.5,-0.7,2,-8,43.7
2024/3/26 20:00,122.35,0.73,47.4,85.4,115.7,16.7,11.4,764.7,1.2,4,-2.8,92.4
2024/3/26 23:00,81.7,1.03,30.45,87.9,76.8,16.8,7.4,764.3,-0.3,1,-6.7,59.85
2024/3/27 2:00,102.5,1.315,47.5,56,107.55,28.6,6.6,763.4,-0.9,2,-4.2,76.7
2024/3/27 5:00,72.2,0.975,23.65,68.7,69.65,13.85,6.7,762.6,-0.8,2,0.4,52.55
2024/3/27 8:00,76.1,0.92,27.05,81.95,78.7,13.45,9.8,762.1,-0.5,3,-0.1,55.6
2024/3/27 11:00,83.45,0.755,20.45,107.25,91.3,13.85,14.6,761,-1.1,4,1.2,61.35
2024/3/27 14:00,83.15,0.705,16.15,131.85,95.1,11.65,15.7,758.7,-2.3,6,1.1,61.1
2024/3/27 17:00,67.55,0.71,18.85,111.6,80.55,11.2,10,758.4,-0.3,4,2.6,43.15
2024/3/27 20:00,56.5,0.73,18.3,99.6,60.4,10.6,9.3,758.4,0,4,1.7,38.4
2024/3/27 23:00,51.35,0.61,14.35,100.55,53.55,10.4,9.1,757.9,-0.4,3,2.9,31.85
2024/3/28 2:00,45.3,0.57,11.45,92.85,41.75,10.15,7.3,755.4,-2.6,2,4.3,30.05
2024/3/28 5:00,30.15,0.555,12.4,82.4,26.9,11.55,7.7,753.5,-1.8,3,5,15.3
2024/3/28 8:00,60.05,0.8,27.95,53.5,66.95,10.15,7.5,754,0.4,2,6,43.75
2024/3/28 11:00,257.35,0.595,23.1,58.35,365.75,10.2,8.8,753,-1,2,2.4,76.3
2024/3/28 14:00,300.6,0.46,16.25,72.15,423.65,9.4,10.7,751.3,-1.6,2,-2.3,64.85
2024/3/28 17:00,71.85,0.36,14.45,80.7,93,9.3,9.4,751.3,0,5,-4.9,14
2024/3/28 20:00,86.6,0.505,40.65,50.75,122.5,9.45,3.9,752.8,1.3,1,-2.1,28.8
2024/3/28 23:00,88.9,0.5,37.55,46.65,127.1,9.5,1.4,751.6,-1.2,0,-1.5,25.55
2024/3/29 2:00,197.1,0.785,43.85,26.15,305.05,12.55,0.5,749.4,-2.1,0,-1.6,60.1
2024/3/29 5:00,327.1,1.155,49.3,17,443.15,17.1,4.6,749.5,0.1,3,-4.2,82.15
2024/3/29 8:00,59.3,0.415,17.25,70.75,70.9,9.95,5.5,751.8,2.3,4,-9.1,13.6
2024/3/29 11:00,39,0.325,10.3,86.35,40.55,8.95,7.8,751.7,-0.1,5,-13.2,9.15
2024/3/29 14:00,49.95,0.33,8.85,90.05,57.2,7.95,9.7,752.1,0.4,7,-14.9,10.95
2024/3/29 17:00,72.25,0.325,12.65,80.85,93.8,8.05,9.3,753.1,0.9,4,-13.1,19.7
2024/3/29 20:00,104.75,0.41,25.85,60.65,159,9.6,7.2,755.5,2.4,3,-13.7,28.8
2024/3/29 23:00,105,0.435,34,45.2,159.65,9.7,5.8,756.2,0.8,2,-12.7,31.75
2024/3/30 2:00,67.6,0.35,18.35,60.15,84.85,9.65,4.9,758.1,1.9,2,-14.5,15.05
2024/3/30 5:00,61.7,0.39,27.55,46.15,72.95,10.4,0.5,758.1,-0.1,1,-12.5,15.2
2024/3/30 8:00,42.6,0.43,22.55,64.45,45.45,11,4.7,758.9,0.8,3,-14.7,12.4
2024/3/30 11:00,44.3,0.325,7.45,85.05,47.2,7.95,6.9,759.7,0.8,6,-14.5,9.2
2024/3/30 14:00,63.2,0.345,7.7,85.4,75.5,7.85,7.2,759.7,0,5,-16.2,11.2
2024/3/30 17:00,69.25,0.325,10.15,85.9,88,7.45,7.9,759.4,-0.3,3,-16.4,13
2024/3/30 20:00,78.25,0.505,40.5,50.35,105.95,9.55,1.9,760,0.6,1,-14.7,29.45
2024/3/30 23:00,114.85,0.855,73.3,12.05,176.7,12.7,-2.1,760.3,0.2,1,-11.1,62.75
2024/3/31 2:00,130.25,0.935,66.85,10.35,196,15.75,-2.9,760.8,0.5,1,-11.4,87.95
2024/3/31 5:00,98.8,0.935,58.95,8.15,146.1,19.1,-3.9,760.2,-0.6,0,-9.3,61.55
2024/3/31 8:00,100.25,1.14,54.25,14.9,149,19.65,2.7,761.2,1.1,1,-6.7,60.45
2024/3/31 11:00,54.5,0.47,18.2,75.95,60.5,10.55,7.9,761.6,0.3,2,-14.3,21.6
2024/3/31 14:00,44.25,0.4,14.1,97.8,43.75,10.6,9.6,759.1,-2.4,1,-12.9,18
2024/3/31 17:00,45.6,0.4,14.8,102.45,46.6,10.2,9.4,758.8,-0.3,2,-11.8,20.45
2024/3/31 20:00,49.85,0.475,34.95,67.55,52.6,9.2,2,760.4,1.5,1,-11.2,25.1
2024/3/31 23:00,69.9,0.685,66.75,27.95,87.65,10.2,-1.9,761.2,0.9,1,-9.5,44.5
2024/4/1 2:00,75.9,0.8,73.35,10,95.75,10.5,-3.6,761.9,0.6,0,-7.7,53.65
2024/4/1 5:00,36.95,0.385,18.1,62.5,38.15,8.4,0.8,762.5,0.7,1,-14,16.65
2024/4/1 8:00,31.05,0.41,27.45,59.65,29.15,7.65,3.9,763.8,1.2,2,-15.4,13.95
2024/4/1 11:00,31,0.35,13.9,81.7,30.45,8.1,7.9,764.1,0.3,4,-15.7,12.4
2024/4/1 14:00,31.6,0.34,11.4,95.8,28.15,8.45,9.9,762.4,-1.6,3,-15.5,14.2
2024/4/1 17:00,39.4,0.39,17.85,99.45,39.7,9.2,9.8,761.3,-1.1,2,-14.1,20.85
2024/4/1 20:00,69.4,0.55,32.35,82.4,69.8,10.95,8.3,762.3,1,3,-11.6,48.15
2024/4/1 23:00,138.25,0.725,41.65,73.5,139.5,14.35,6.8,761.6,-0.6,2,-9.6,105.25
2024/4/2 2:00,96.25,0.925,33.75,59.95,99.75,11.95,6.2,760.8,-0.8,1,-9.3,71.7
2024/4/2 5:00,83.85,0.96,40.6,47.15,84.85,15.7,3,761.3,0.4,1,-8.1,61.9
2024/4/2 8:00,79.05,1.01,39.15,58.4,86.65,13.95,7.8,761.2,0,3,-6.7,57.7
2024/4/2 11:00,55.45,0.86,23.8,100.9,61.7,12.25,15.5,760.9,-0.3,1,-3.9,34.15
2024/4/2 14:00,59.8,0.74,23.2,125.95,60.4,14.95,17.6,759.9,-1,2,-3.8,42.65
2024/4/2 17:00,83.5,0.795,29.25,143.4,86.05,14.35,16.6,759.6,-0.3,2,-4,61.5
2024/4/2 20:00,110.9,1,79,65.7,117.65,12.2,8.9,760.9,1.3,0,-3,83.4
2024/4/2 23:00,116,0.885,59.8,56.25,134.45,12.8,11.2,761.8,0.9,3,-3.3,87.45
2024/4/3 2:00,41.95,0.435,16.6,65.95,43.3,9.25,8.6,762.8,1.1,3,-9.3,15.7
2024/4/3 5:00,29.5,0.365,17.65,62.6,27.75,9.35,6.2,763.5,0.6,3,-9.3,9.4
2024/4/3 8:00,30.65,0.435,22.25,62.3,30.2,10.85,7.9,763.7,0.2,5,-10.4,11.8
2024/4/3 11:00,39.72222222,0.388888889,13.3,87.75,39.25,8.611111111,11.8,763.3,-0.4,5,-11.1,14.15
2024/4/3 14:00,50.7,0.4,12.8,106.45,52.75,8.85,13.2,761.3,-2,5,-12.9,19.65
2024/4/3 17:00,48.5,0.415,14.1,110.7,48.95,8.8,13,761.1,-0.2,4,-12.2,21.15
2024/4/3 20:00,51.25,0.55,41.35,65.65,55.05,9.3,7,762.6,1.4,0,-9.8,28.3
2024/4/3 23:00,61.15,0.49,27.2,60.55,69.8,9.6,8.5,764.3,1.8,4,-8.1,27.4
2024/4/4 2:00,49.5,0.36,16.65,68.05,52.7,10.3,5.6,765,0.7,4,-9.8,15.05
2024/4/4 5:00,38.75,0.365,16.65,61.4,39.05,10.4,3.2,766,0.9,2,-10.1,14.05
2024/4/4 8:00,52.2,0.475,23.55,49.8,50.8,10.1,5.4,767.8,1.8,3,-8.1,24.8
2024/4/4 11:00,68.95,0.505,17.6,87.25,87.3,9.35,10.6,767.5,-0.2,4,-6.2,38.95
2024/4/4 14:00,65.8,0.43,13.15,110.65,80.55,8.7,12.6,766,-1.5,4,-6.9,37.7
2024/4/4 17:00,74.8,0.47,15.95,123.95,89.85,9.25,12.4,765.4,-0.7,2,-8.1,50.7
2024/4/4 20:00,117.05,0.675,32.25,107.95,142.15,10.6,8.9,765.9,0.5,2,-7.3,88.25
2024/4/4 23:00,129.65,0.8,51.4,59.05,148.5,12.8,5.9,765.7,-0.2,1,-6.7,98.1
2024/4/5 2:00,164.3,0.91,67.45,30.05,186.2,14.3,-0.9,765,-0.7,1,-5.9,123.8
2024/4/5 5:00,162.1,1.425,67.15,18.3,181.9,13.35,-2.5,764.8,-0.2,1,-6,122.95
2024/4/5 8:00,179.25,1.71,63.35,30.25,186.05,23.55,4.4,764.8,0,2,-3.8,136
2024/4/5 11:00,144.6,1.235,45.25,104.65,164.75,28.25,13.4,763.7,-1,3,-5.7,110
2024/4/5 14:00,106,1.12,26.4,143.25,127.95,18.65,16,762.1,-1.7,6,-5.1,79.45
2024/4/5 17:00,81.1,0.745,25.5,122.35,101.35,14.05,14.5,761.5,-0.6,3,-3.3,59.1
2024/4/5 20:00,76.9,0.705,22.75,119.3,92.2,13.4,11.6,762.2,0.8,5,-0.2,56.2
2024/4/5 23:00,86.55,1.02,35.6,87.95,93.7,21.8,7.4,762.1,-0.1,1,-0.3,63.75
2024/4/6 2:00,76.55,0.94,27.4,95.8,93,23.1,9.7,761.2,-0.9,2,0.1,55.95
2024/4/6 5:00,76.15,0.82,23.45,110.5,88.3,22.1,10.1,760.3,-0.9,3,-0.1,55.6
2024/4/6 8:00,101.1,1.085,34.6,99,112.05,25.5,13.4,760.3,0,4,2,75.55
2024/4/6 11:00,114.95,1.09,27.15,136.15,155,19.8,20.5,759.6,-0.7,5,3.3,86.65
2024/4/6 14:00,68.85,0.62,17.3,145.2,84.75,12.55,23,757.6,-1.8,4,0.2,47.3
2024/4/6 17:00,88.6,0.815,22.7,147.55,112.4,13.75,21.2,757.4,-0.3,5,2.5,63.9
2024/4/6 20:00,134.2,1.03,36.75,117.05,156.55,14.85,16,759.2,1.8,3,5,102.05
2024/4/6 23:00,127.75,0.91,23.65,151.2,136.45,18.4,12.8,760,0.9,2,5,96.95
2024/4/7 2:00,144.3,1.21,36.75,102.9,155.8,26.1,11.6,760.5,0.4,2,5.3,109.85
2024/4/7 5:00,146.55,0.97,41.6,80.7,157.4,14.65,5.5,760.6,0,1,3.2,111.8
2024/4/7 8:00,160.9,1.86,58.1,71.05,167,31.25,13.7,760.9,0.4,3,4.3,122.6
2024/4/7 11:00,142.75,1.445,37.25,148.65,161,24.05,19.9,760.6,-0.2,3,4,108.65
2024/4/7 14:00,43.5,0.47,12.25,120.05,41.6,10.6,23.5,759.1,-1.6,5,-3.7,19.35
2024/4/7 17:00,46.55,0.395,16.15,124.8,45.3,11.1,23.1,758.4,-0.8,4,-3.3,15.75
2024/4/7 20:00,58.45,0.58,32.45,85.9,66.3,13.1,19.9,760,1.7,4,-1.2,30.5
2024/4/7 23:00,104.35,0.365,11.45,76.3,158.2,8.85,14.8,762.6,2.6,5,-3.5,15.05
2024/4/8 2:00,66.15,0.385,12.55,72.1,82.6,9.15,10.6,765.1,2.4,4,-7.6,11.5
2024/4/8 5:00,74.9,0.395,15.25,66.05,99.45,9.4,5,766.3,1.3,4,-7.8,18.6
2024/4/8 8:00,64.45,0.48,22.1,67.9,81.45,10.15,6.7,768.6,2.2,6,-9.7,27.5
2024/4/8 11:00,82.05,0.53,18.9,96.95,113.6,11.1,8.9,769.7,1.1,4,-10.6,43.2
2024/4/8 14:00,99.5,0.555,19.3,139.2,146.8,11.3,10.2,769.3,-0.5,5,-10.6,65.6
2024/4/8 17:00,81.55,0.47,18.8,120.65,109.55,10.2,8.7,769.3,0,5,-10.7,50.5
2024/4/8 20:00,114.2,0.63,28.6,109.8,146.25,12.25,6,770.4,1.1,3,-12.1,85.7
2024/4/8 23:00,337.65,1.055,38.8,117.65,415.9,16.3,3.8,770.4,0,3,-10.3,286.15
2024/4/9 2:00,255.1,0.89,37.3,89.8,261.6,13.1,2.4,770.2,-0.2,2,-9.8,205.1
2024/4/9 5:00,224.2,0.88,38.95,69.95,217.25,12.9,0.6,770.4,0.1,1,-9.7,177.3
2024/4/9 8:00,206.05,0.95,43.9,65.1,187.2,14.05,4.9,770.6,0.2,3,-9.3,162.65
2024/4/9 11:00,136,0.725,35.8,113.9,146.7,12.75,10.9,770.2,-0.3,3,-15.6,102.95
2024/4/9 14:00,119.25,0.685,26.7,146.95,110.9,12.3,14.7,767.8,-2.4,3,-19.2,89.7
2024/4/9 17:00,80.95,0.585,27.8,139.65,81.35,11.65,15.1,766.3,-1.5,2,-17.6,59.45
2024/4/9 20:00,134.8,0.84,67.6,101.4,134.6,12.95,8.6,766.5,0.2,0,-10.8,102.05
2024/4/9 23:00,206.4,1.255,129.15,22,195.9,14.55,4.1,766.3,-0.2,1,-8,160.35
2024/4/10 2:00,255.6,1.325,114.4,17.65,262.75,24.1,5.9,765.3,-0.9,1,-7.3,205.6
2024/4/10 5:00,275.8,1.515,93.4,11.45,294.65,27.25,4.9,764.8,-0.6,1,-5.7,227.3
2024/4/10 8:00,240.95,2.47,101.05,18,252.5,46.6,8.4,764.4,-0.3,1,-4.7,190.95
2024/4/10 11:00,208.45,1.75,67,90.75,211.65,41,16,763.6,-0.8,4,-5.7,159.85
2024/4/10 14:00,100.85,0.745,23.55,158.05,119.85,14.25,18.5,762.1,-1.4,5,-3,75.45
2024/4/10 17:00,86.1,0.7,24.5,135.55,112.2,15.25,16.6,761.8,-0.5,3,-0.1,61.95
2024/4/10 20:00,80,0.75,26.35,103.1,100.3,15.65,12.2,763.3,1.6,3,5.8,58.05
2024/4/10 23:00,83.45,0.8,23.6,95.6,80.5,12.65,10.6,762.8,-0.4,1,5.4,61.4
2024/4/11 2:00,84.25,0.71,15.2,117.05,85.8,15.6,11.1,762.1,-0.7,2,6.8,62.15
2024/4/11 5:00,58.2,0.78,13.9,116.9,52.85,11.9,10.3,761.5,-0.6,2,6.3,41.15
2024/4/11 8:00,53.07142857,0.845,22.07142857,93.75,49.15,12.2,13.1,761.6,0.1,3,5,35.05
2024/4/11 11:00,55.72222222,0.655,14.65,117.7,58.65,11.85,17.9,761.2,-0.4,4,7.6,37.72222222
2024/4/11 14:00,68.05,0.71,16.1,120.8,66.9,12.65,18.1,760.3,-1,4,8.9,48.55
2024/4/11 17:00,58.95,0.71,20.75,102.05,57.3,11.55,15.8,759.9,-0.4,4,8.1,39.9
2024/4/11 20:00,59.9,0.73,20.6,101.35,61.85,10.65,12.8,760.5,0.6,3,7.5,41.8
2024/4/11 23:00,55.2,0.69,16.6,113.45,56.95,10.5,13.5,760.1,-0.3,2,7.3,32.95
2024/4/12 2:00,46.1,0.68,13.3,113.15,46.55,10.85,13.3,758.9,-1.2,4,6.6,22.9
2024/4/12 5:00,44.4,0.75,15.15,112.25,44.55,12.05,13.3,758.3,-0.6,2,7.3,22.9
2024/4/12 8:00,50.75,0.81,21.45,109.5,52.4,13.1,17.2,758.2,-0.1,5,8.4,30.2
2024/4/12 11:00,53.9,0.67,20.55,111.95,60.85,13.35,18.8,758.2,0.1,4,9,28.2
2024/4/12 14:00,56.825,0.67,19.975,117.025,65.05,13.875,21.7,757.9,-0.4,5,9.9,27.8
2024/4/12 17:00,59.75,0.67,19.4,122.1,69.25,14.4,20.1,757,-0.8,3,9.4,27.4
2024/4/12 20:00,54.25,0.665,21.35,106.45,58.3,14.05,16.6,758.5,1.4,3,7.5,28.8
2024/4/12 23:00,42.8,0.635,19.65,102.15,42.9,14.2,15.1,759.8,1.3,1,3.3,16.45
2024/4/13 2:00,40.35,0.73,18.9,95.95,40.85,12.4,11.4,760.3,0.5,1,4.8,15.05
2024/4/13 5:00,41.6,0.81,20.65,78.05,42.5,14.3,9.3,760.4,0.1,1,6.6,19.55
2024/4/13 8:00,42.65,0.77,22.3,79.35,42.85,15.95,18.2,760.9,0.5,3,7.3,20.65
2024/4/13 11:00,54.75,0.66,18.35,108.85,59.45,14.6,21.9,760.8,-0.1,5,8.4,26.75
2024/4/13 14:00,57.1,0.695,17.5,133.5,64,14.45,24.6,759.8,-1,5,8.1,26.55
2024/4/13 17:00,54.85,0.655,19.65,129.1,60.25,14.7,20.6,760.1,-0.05,3.5,8.45,29.4
2024/4/13 20:00,45.35,0.75,20.65,71.75,45.5,13.85,16.6,760.4,0.9,2,8.8,21.55
2024/4/13 23:00,39.95,0.835,21.85,62.05,40.35,15.95,12.5,761.2,0.8,1,8,18.35
2024/4/14 2:00,33.7,0.815,20.3,62.35,34,15.25,9.8,761.2,0,1,6.9,14.95
2024/4/14 5:00,33.5,0.735,14.85,73.55,33.8,11.15,9.5,761.3,0.1,0,7.4,16.6
2024/4/14 8:00,40.15,0.755,22.6,66.45,41.75,17.25,17.8,761.8,0.6,3,9.7,21.75
2024/4/14 11:00,41.85,0.56,18.4,110.15,42.05,12.45,21.9,761.4,-0.5,5,7.7,21.4
2024/4/14 14:00,50.85,0.59,15.15,122.55,52.7,12.5,23,760.3,-1,4,10.4,28.4
2024/4/14 17:00,50.35,0.54,19.25,116.35,51.25,12.5,22.1,759.2,-1.2,2,10.3,27.1
2024/4/14 20:00,69.7,0.665,40.2,74.2,76.05,13.45,17.9,759.1,0,1,10,48.45
2024/4/14 23:00,75.9,0.65,37.25,77.6,77.5,20,15.1,757.7,-1.5,0,6.1,52.55
2024/4/15 2:00,62.85,0.705,44.55,57.1,71.95,18.6,13.8,756.2,-1.5,0,7.3,42.85
2024/4/15 5:00,52.65,0.65,25.4,49.65,49.25,10.95,12.5,754.2,-2,3,11.4,35.35
2024/4/15 8:00,42.1,0.655,30.2,51,39.1,10,12.1,753,-1.2,3,11.3,28.95
2024/4/15 11:00,33.85,0.705,30.35,61.1,28.1,10.35,13.2,752.6,-0.4,1,11.9,23.25
2024/4/15 14:00,77.6,0.515,15.7,63.4,104.6,9.9,14.7,753.7,1.1,3,11.3,49.7
2024/4/15 17:00,482.7,0.415,17.2,54.4,638.05,9.2,17.4,754.4,0.7,2,5.7,140.2
2024/4/15 20:00,500,0.53,40.15,25.4,722.25,11.05,11.9,756.1,1.6,1,6.8,152.8
2024/4/15 23:00,258.25,0.54,21.3,55.55,391.15,10.25,12.3,756.7,0.7,3,7.8,82.1
2024/4/16 2:00,145.4,0.515,33.45,26.45,240.4,10.2,10.2,756.9,0.1,1,7.1,49.65
2024/4/16 5:00,102.25,0.415,29.4,26.25,154.1,10.35,7.5,757.5,0.6,1,4.8,30.4
2024/4/16 8:00,71.6,0.485,26.5,37.85,89.55,9.55,13,758.6,1.2,3,1.7,16.4
2024/4/16 11:00,101.85,0.415,12.15,58,153.1,9.35,15.9,759.2,0.6,3,3.3,33.25
2024/4/16 14:00,143.8,0.415,9.4,70.55,237.35,8.35,17.9,758.8,-0.4,4,4.8,49.9
2024/4/16 17:00,112.55,0.425,11.35,83.65,174.75,8.15,18.3,758.8,0,2,4.5,37.55
2024/4/16 20:00,117.05,0.555,48.5,48,183.85,8.5,12.2,760,1.2,1,6,45.45
2024/4/16 23:00,124.15,0.73,70.1,14.6,197.7,12.35,9.7,760.2,0.1,1,5.9,53.75
2024/4/17 2:00,102.1,0.785,56.35,22,153.3,18.95,6.2,760,-0.1,1,4.8,44.1
2024/4/17 5:00,98.4,1.03,58.95,12.65,146.3,20.05,4.7,760,0,0,3.8,41.7
2024/4/17 8:00,101.4,1.51,50.65,30.45,151.9,18.05,15.1,760.4,0.4,2,6.1,42.05
2024/4/17 11:00,62.72222222,0.933333333,24.8,101.9,73.65,16.61111111,20.7,759.5,-0.9,5,0,23.1
2024/4/17 14:00,58.61111111,0.835,18.22222222,126,66,13.2,24,757.6,-1.9,5,-0.3,23.25
2024/4/17 17:00,48.1,0.5,17.55,131.6,48.95,10,23.3,756.7,-1,4,-2.3,18.05
2024/4/17 20:00,53.3,0.565,39.45,87.85,55.4,9.85,17.9,757.3,0.8,2,-1.9,23.9
2024/4/17 23:00,42.25,0.495,26.3,93.6,42.55,11.55,15.4,757.4,0,3,-4.5,15.85
2024/4/18 2:00,55.55,0.88,38.9,64.95,61.1,32.1,7.5,756.7,-0.6,0,-0.2,23.9
2024/4/18 5:00,62.1,1.11,53.85,40.2,73.95,26,5.6,756.4,-0.4,1,1.1,31.35
2024/4/18 8:00,71.85,1.355,49.8,51.2,93.25,24.4,16,757.1,0.7,1,2.1,40.7
2024/4/18 11:00,72.55,0.645,27.35,101.45,94.85,18.85,19,757.7,0.6,3,2.8,44.1
2024/4/18 14:00,53.05,0.455,13.05,111.8,57.3,9.55,21.9,757.4,-0.3,4,5.3,19
2024/4/18 17:00,58.25,0.405,11.65,107.7,66.35,8.25,21.4,757.3,-0.2,3,4.5,11.5
2024/4/18 20:00,49.85,0.445,25.9,76.6,51.45,8.45,18.1,759,1.8,3,-0.2,15.05
2024/4/18 23:00,50.3,0.46,23.35,71.45,52.35,9.5,15.5,759.8,0.8,1,0.1,20.7
2024/4/19 2:00,55.85,0.515,34.2,47.65,61.75,10.75,14.3,760.6,0.8,3,0.9,27.7
2024/4/19 5:00,48.9,0.475,23.6,51.5,51.85,11.35,13,761.2,0.6,4,-2.9,21
2024/4/19 8:00,36.2,0.46,25.8,53.15,35.25,11.75,13.9,761.9,0.7,4,-5.8,13.2
2024/4/19 11:00,53.45,0.5,32.15,55.5,56.4,12.55,15.7,762.1,0.2,2,-3.2,24.85
2024/4/19 14:00,60.4,0.505,25.1,83.15,66.75,11.1,16.5,760.9,-1.2,2,-1.1,33.9
2024/4/19 17:00,62.65,0.495,28.2,93.15,68.2,9.95,16.2,759.6,-1.4,2,-2.8,39.2
2024/4/19 20:00,103.45,0.73,43.65,80.9,113.85,12.5,15.3,760,0.4,2,-2.6,76.9
2024/4/19 23:00,136.35,0.82,42.4,57.15,136.5,12.6,13.9,759.1,-0.8,2,-2.9,102.35
2024/4/20 2:00,98.3,0.69,34.9,65.2,105.9,10.95,13,757.9,-1.3,2,-1.7,73.35
2024/4/20 5:00,145.4,0.865,39.8,69.55,137.3,13.9,12,757,-0.9,1,-1.2,110.7
2024/4/20 8:00,244.4,1.235,50.4,77.15,241.4,17.65,14.9,756.9,0,2,-0.4,194.4
2024/4/20 11:00,125.85,1.185,36.25,128.1,121.1,17,20.6,756.8,-0.1,3,8.3,94.8
2024/4/20 14:00,203.5,1.095,40,166.3,201.1,17.15,20.5,756.7,0,4,4.5,157.55
2024/4/20 17:00,190,0.975,32.55,172.35,180.45,14.6,18.9,757.5,0.7,3,2.7,143.25
2024/4/20 20:00,186.65,0.96,43.2,110.65,174.1,11.45,14.3,758.6,1.1,1,4.9,141.4
2024/4/20 23:00,233.3,1.15,77.55,29.1,218.3,10.8,9.5,759.4,0.8,0,5.1,183.3
2024/4/21 2:00,240.45,1.155,73.55,26.9,221.2,12.85,6.9,759.7,0.3,1,4.6,190.45
2024/4/21 5:00,128.5,1.08,43.5,61.7,138.8,23.55,6.1,760,0.3,1,4.4,97.65
2024/4/21 8:00,64.77777778,0.966666667,31.22222222,90,78.5,21.5,15.2,760.9,0.8,3,7.7,40.05555556
2024/4/21 11:00,50.5,0.78,17.3,130.75,52.2,13.1,19.8,760,-0.8,3,8.2,25
2024/4/21 14:00,51.9,0.63,13.25,155.3,51.6,12.1,22.6,758.3,-1.7,4,6.4,24.25
2024/4/21 17:00,62.05,0.75,16.95,159.35,61.33333333,12.8,23,757.2,-1.2,3,5.4,34.45
2024/4/21 20:00,56.4,0.605,33.2,109.85,57.8,10.9,18.5,757.9,0.9,1,4.7,31.05
2024/4/21 23:00,56.55,0.56,18.9,109.65,62,10.9,16.3,758.8,0.9,3,5.6,30.8
2024/4/22 2:00,60.05,0.98,19.55,114,65.5,15.1,13.7,758.8,-0.1,2,6.8,38.7
2024/4/22 5:00,76.3,1.51,28.45,75.1,85.6,17.1,8.6,759,0.2,1,6.4,55.1
2024/4/22 8:00,49.15,0.945,26.65,77.1,51.45,22.2,18.6,758.9,-0.1,3,9.7,27.55
2024/4/22 11:00,38.05,0.505,11.6,115.35,31.55,11.65,21.9,758,-0.9,4,8.8,14.75
2024/4/22 14:00,48.05,0.585,13.75,137.3,50.3,10.8,23.6,757.3,-0.6,4,7.7,18.7
2024/4/22 17:00,47.9,0.57,16.85,129.1,48.6,10.4,22.7,757.4,0,4,9.1,18.05
2024/4/22 20:00,54.25,0.59,24.5,107.85,58.25,10.5,20.2,759.3,1.9,3,9.8,28.4
2024/4/22 23:00,53.6,0.595,24.55,86.65,55.65,10.85,17.7,760.1,0.8,2,10.6,32.6
2024/4/23 2:00,64.2,0.585,46.6,41,75.9,11.8,13.6,759.2,-0.9,0,10,36.4
2024/4/23 5:00,66.85,0.64,49.2,31.55,81.55,14.6,11.3,758.6,-0.6,0,9.9,43.85
2024/4/23 8:00,65.9,0.93,52.85,31.3,75.05,13.85,16.8,757.9,-0.7,2,10.2,42.9
2024/4/23 11:00,54.45,0.755,23.25,90.25,58.55,12.75,20,757,-0.8,2,9,30.15
2024/4/23 14:00,40.45,0.64,14.7,107.65,44.05,10.45,19.3,756.1,-1,4,8.9,17.45
2024/4/23 17:00,51.8,0.75,23.85,88.95,53.65,10,17.5,755.8,-0.2,2,9.7,30.85
2024/4/23 20:00,44.2,0.61,23.1,87,45.1,9.05,15.3,756.5,0.6,0,8.5,23.1
2024/4/23 23:00,44.1,0.71,41.4,50.2,42.95,8.75,13.2,756.4,-0.1,0,9.3,27.2
2024/4/24 2:00,53.75,0.64,34.05,40.95,53.25,8.65,12.2,755.9,-0.5,1,10.1,35.55
2024/4/24 5:00,53.5,0.715,38.65,28.3,50.75,10,11.8,755.8,0,1,9.9,36.4
2024/4/24 8:00,34.38888889,0.815,27.94444444,57,30.95,21.25,14.5,756,0.1,3,9.3,20.4
2024/4/24 11:00,46.27777778,1.105555556,24.9,64.6,52.15,11.7,15.7,755.6,-0.4,3,9.8,31
2024/4/24 14:00,60.5,0.99,18.3,88.5,62.2,9.45,17.3,754.3,-1.3,5,9.5,41.95
2024/4/24 17:00,42.4,0.725,19.05,109.5,42.15,10.95,18.9,753.1,-1.2,3,9.4,22.2
2024/4/24 20:00,33.05,0.705,22.6,92.1,32.55,10.45,15.9,753.4,0.4,4,10,16.65
2024/4/24 23:00,43.1,1.36,37.3,60.15,43.3,21,13.3,753.1,-0.4,2,9.2,23.5
2024/4/25 2:00,33.9,0.625,15.5,84.6,33.9,14.9,14,752.8,-0.2,3,7.5,14.1
2024/4/25 5:00,41.95,0.545,14.4,109.65,42.15,14.05,15.5,753.2,0.3,3,6.2,18.5
2024/4/25 8:00,49.75,0.74,27.55,91,49.9,18.25,17.5,754.1,0.9,4,7,20.6
2024/4/25 11:00,58.05,0.755,22.55,112.65,65.75,12.55,21.1,754,0,4,9.4,27.05
2024/4/25 14:00,66.15,0.795,20.25,141.9,81.65,14.2,23.4,752.4,-1.6,4,9.4,27.95
2024/4/25 17:00,62.65,0.72,19.05,114.5,74.9,11.9,20.6,752.3,-0.1,4,8.9,17.9
2024/4/25 20:00,57.15,0.77,20.35,102.85,64.05,9.2,14.3,754.3,1.9,1,7.6,21.25
2024/4/25 23:00,60.1,0.87,17,114.95,69.8,10.1,15.1,753.1,-1.1,2,7.4,28.3
2024/4/26 2:00,59.05,0.995,28.1,87.25,67.9,10.3,13.7,754.2,1.1,1,8.1,28.95
2024/4/26 5:00,62.2,1.07,41.45,63.3,73.85,10.1,12.2,755.1,0.8,1,8.7,34.75
2024/4/26 8:00,59.85,1.205,37.35,90.3,66.35,13.2,17.1,756,0.9,2,8.5,33.55
2024/4/26 11:00,57.85,0.975,26.25,131,65.25,13.25,19.9,755.7,-0.3,2,8.6,30.45
2024/4/26 14:00,57.4,0.91,21.5,149.2,64.15,17.55,21.1,754.9,-0.8,2,8.4,30.5
2024/4/26 17:00,60.95,0.88,28.45,144.9,71.5,15.9,22.3,753.6,-1.3,3,9.5,32
2024/4/26 20:00,87.4,1.13,55.85,94.7,125.6,14.95,18.7,755.2,1.7,1,10.3,61.45
2024/4/26 23:00,75.65,0.815,33.85,113.3,100.7,18.25,18.4,754.9,-0.3,2,10,44.95
2024/4/27 2:00,53,0.75,20.45,116.65,56.6,18.95,17.2,755.4,0.5,2,7.5,20.3
2024/4/27 5:00,69.25,0.875,34.5,78.65,84.4,13.7,13.7,757.7,2.2,1,8.3,44.75
2024/4/27 8:00,81.05,0.75,25.75,76.7,99.7,11.3,15.6,759.4,1.7,3,10.8,58.05
2024/4/27 11:00,85.95,0.71,20.1,109.9,104.35,8.7,18,760.8,1.4,5,9.1,62.8
2024/4/27 14:00,45.7,0.445,12.7,121.4,44.95,8.3,20.8,760.3,-0.5,4,3.1,16.05
2024/4/27 17:00,39.8,0.405,13.2,109.3,32.85,7.75,19.1,760,-0.2,3,2.9,8.75
2024/4/27 20:00,33.55,0.42,16.85,90.3,29.45,8.45,16.2,762.1,1.9,4,-2.8,11.3
2024/4/27 23:00,32.25,0.44,22.4,70.7,32.25,8.2,14.6,763,0.9,2,-1.1,14.85
2024/4/28 2:00,30.8,0.44,18.55,73.15,30.65,8.7,14,763.6,0.8,3,-0.8,13.45
2024/4/28 5:00,29.85,0.42,21.95,62.15,29.85,8.1,11.2,763.8,0,1,4,12.95
2024/4/28 8:00,25.05555556,0.48,20.1,75,20.85,8.222222222,12.3,764.9,1.2,2,2.2,9.25
2024/4/28 11:00,28.55555556,0.455,20.5,71.65,27.45,8.45,14.5,765.2,0.3,4,1.4,11.5
2024/4/28 14:00,39.38888889,0.461111111,16.7,68.38888889,39.35,7.65,10.7,765.2,-0.1,4,2.3,12.55
2024/4/28 17:00,25.25,0.415,20.55,59.55,22.1,7.1,8.4,764.2,-1,4,4.2,11.4
2024/4/28 20:00,24.35,0.43,18.95,57.95,23.3,7,8.8,764.1,-0.1,3,3.8,11.75
2024/4/28 23:00,22.4,0.43,18.35,52.3,21.5,7.7,8.4,763.3,-0.8,2,4,10.65
2024/4/29 2:00,23.75,0.45,19.15,46.45,25.7,7.6,8,762.5,-0.8,3,4,12.25
2024/4/29 5:00,24.35,0.415,19.2,47.5,23.35,8,7.7,761.5,-1,3,4.1,14.2
2024/4/29 8:00,31.7,0.51,22.95,49.3,31.5,8.4,9.6,761.2,-0.4,4,3.6,19.15
2024/4/29 11:00,42,0.53,18.1,75.7,40.8,8.85,14,760,-1.1,3,3.8,28.35
2024/4/29 14:00,66.45,0.565,24.8,61.75,54.1,8.05,8.9,759.7,-0.3,4,5.5,46.1
2024/4/29 17:00,33.55,0.48,21.45,78.1,25.1,7.4,8.1,759.7,0,3,5.9,22.6
2024/4/29 20:00,56.05,0.515,22.7,79.7,49.95,7.8,8.2,760.5,0.8,2,4.2,39.4
2024/4/29 23:00,65.55,0.59,29.9,58.25,57.55,7.6,5.1,760.6,0,1,3.3,47.25
2024/4/30 2:00,64.2,0.55,37.8,42.65,59.35,8.25,2.3,760,-0.6,1,1.6,46.2
2024/4/30 5:00,75.9,0.65,48.65,16.4,68.65,7.9,0.6,759.7,-0.3,1,0,55.4
2024/4/30 8:00,88.35,1.255,40.7,29.7,78.9,9.05,5,760.3,0.6,1,4.7,65.4
2024/4/30 11:00,59.7,0.675,30.4,94.1,55.3,13.3,15.3,759.4,-0.9,2,2.5,42.3
2024/4/30 14:00,45.45,0.465,18.25,122.15,44.55,10.35,19.3,757.4,-1.8,3,0.8,31.3
2024/4/30 17:00,37.1,0.365,13.45,112.75,23.88888889,8.55,20,757.1,-0.3,1,-2.3,15.65
2024/4/30 20:00,36,0.545,57.25,56.95,34.95,8.25,11.3,757.7,0.5,0,0.7,22.6
2024/4/30 23:00,60.4,0.615,59.75,40.65,65.5,17.2,7.9,758.5,0.8,1,1.3,39.25
2024/5/1 2:00,55.7,1.005,48,41.9,61.9,37.6,5.2,758.5,0.1,0,2,36.55
2024/5/1 5:00,61.2,1.48,63.65,11.95,71.55,18.8,3.9,758.5,-0.1,2,1.3,39.8
2024/5/1 8:00,58.35,1.42,45.2,45.1,65.3,17.25,17.3,758.7,0.2,2,2.5,36.3
2024/5/1 11:00,42.83333333,0.783333333,21.15,104.9444444,41.6,18.15,24.1,757.8,-0.8,3,-0.9,18.45
2024/5/1 14:00,37.9,0.495,12.85,117.4,33.55,11.05,26.7,756.1,-1.7,4,-4,12.9
2024/5/1 17:00,39.35,0.405,13.45,118.95,34.5,8.05,26.2,755.8,-0.2,4,-2.5,12.9
2024/5/1 20:00,37.8,0.405,20.8,94.65,37.1,8.3,21.8,757.4,1.5,4,-2.8,13.7
2024/5/1 23:00,52.65,0.61,21.95,101.45,55.65,16.3,17,758.2,0.9,2,1.4,23.35
2024/5/2 2:00,53.45,0.7,20.3,99.6,56.45,18.4,15.9,758.6,0.4,2,0.1,26.15
2024/5/2 5:00,54.55,0.89,20.9,99.45,58.6,23.8,13.9,758.9,0.2,2,0.5,27.15
2024/5/2 8:00,58.95,0.875,26.7,102.45,66.95,23.6,21,759.6,0.8,5,2.3,29.65
2024/5/2 11:00,67.05,0.935,20.85,131.45,86.85,17.2,26.4,759.9,0.3,6,3.6,27.9
2024/5/2 14:00,65.05,0.61,14.35,159.05,79.45,12.2,28.3,759.4,-0.5,6,1.7,19.75
2024/5/2 17:00,65.65,0.45,13.15,144.2,80.9,8.95,25.3,760.2,0.7,6,-1.5,14.4
2024/5/2 20:00,61.45,0.645,18.6,147.95,72.45,14.35,21.5,761.3,1.2,6,-3.1,25.2
2024/5/2 23:00,60.6,0.785,23.75,132.15,70.8,20.4,18.9,761.5,0.2,2,-1.5,27.45
2024/5/3 2:00,61.15,0.735,20.7,132.1,71.9,23.3,15.7,761.8,0.3,1,-0.1,29.95
2024/5/3 5:00,63.5,0.945,22.15,126.7,75.3,27.75,12.4,762.6,0.7,1,1.1,35.9
2024/5/3 8:00,73,1.115,29.15,135.4,93.05,26.1,20.7,763,0.5,4,4.3,44.6
2024/5/3 11:00,68.3,0.7,18.05,169.65,81.9,14.85,25.9,762.5,-0.5,6,3.8,38
2024/5/3 14:00,65.15,0.485,13.7,171.4,55.5,11.3,27.7,761,-1.5,6,0.5,22.15
2024/5/3 17:00,63.95,0.45,15.5,170.85,52.3,10.05,26.4,760.3,-0.7,5,0.9,18.6
2024/5/3 20:00,58.95,0.515,18.75,162.3,60.3,11.4,21.7,761.3,1,4,2.4,26.15
2024/5/3 23:00,61.9,0.915,24.95,140.3,73.15,21.2,18.4,761.7,0.4,3,1,36.6
2024/5/4 2:00,68.1,1.115,29.55,122.65,80.9,33.3,10.8,760.8,-1,1,2.9,43.85
2024/5/4 5:00,61.1,0.96,24.25,130.1,69.95,27.6,8.6,760.8,0,1,3,38.9
2024/5/4 8:00,58.85,1.185,30.75,125.65,67.35,22.55,20.9,760.6,-0.1,3,2.7,35.95
2024/5/4 11:00,54.7,0.725,18.55,144.8,58.9,14.6,24.4,759.9,-0.7,6,1.9,25.05
2024/5/4 14:00,47.8,0.545,16.3,146.95,45.35,11.25,25.3,758.5,-1.5,3,3.3,17.15
2024/5/4 17:00,49.65,0.5,17.3,150.15,48.7,10.85,24.2,757.8,-0.7,5,3.5,19.15
2024/5/4 20:00,44.15,0.425,18.7,121.1,44.5,10.4,20,758.8,1.1,4,3.3,18.1
2024/5/4 23:00,37.45,0.525,16.3,110.3,36.4,12.35,17.6,759.4,0.6,3,2.8,16.35
2024/5/5 2:00,49.45,1.07,29.1,75.5,51.05,30,15.1,759.2,-0.3,1,6.1,24.3
2024/5/5 5:00,49.25,0.81,36.15,59.7,51.05,26.9,13.8,758.1,-1.1,1,6.4,24.15
2024/5/5 8:00,48.8,0.785,26.7,109.45,51.45,12.4,16.4,758.9,0.8,2,5.4,23.1
2024/5/5 11:00,47.8,0.78,24.65,116.3,44.65,10.6,15.9,758.1,-0.8,2,9.6,28.35
2024/5/5 14:00,38.45,0.46,13.05,121.55,24,8,17.6,756.2,-1.9,2,9.5,12.35
2024/5/5 17:00,34.2,0.505,20.1,99.85,29.4,8.95,16,755,-1.2,2,11.6,15.1
2024/5/5 20:00,35.1,0.595,37,55.9,33.7,8.45,14.3,754.6,-0.3,1,12.3,21.55
2024/5/5 23:00,32.9,0.51,17.55,75.5,27.75,7.9,14.2,754.3,-0.3,1,11.5,18.2
2024/5/6 2:00,31.5,0.445,11.1,99.55,20.6,8,14.2,753.5,-0.9,3,10.8,12.9
2024/5/6 5:00,31,0.445,10.35,97.5,15.33333333,7.9,13.3,753.7,0.3,4,11.5,9.65
2024/5/6 8:00,45,0.545,22.5,60.5,41.95,8.5,13.9,754.9,1.1,3,10.1,28.4
2024/5/6 11:00,48.85,0.52,19.85,81.2,46.15,8.6,15.7,755.8,0.9,4,10.2,31.15
2024/5/6 14:00,57.45,0.545,16.45,111.25,61.55,8.55,18,755.9,0.1,4,9.9,37.6
2024/5/6 17:00,48.6,0.525,21,104.85,51,8.7,18.7,756.4,0.5,3,9.5,30.7
2024/5/6 20:00,46.05,0.525,22.05,95.75,48.2,8.15,17.5,757.7,1.3,2,8.1,26.8
2024/5/6 23:00,62.3,0.54,24.6,81.4,69.6,9.15,16.3,758.8,1.2,2,7,39.85
2024/5/7 2:00,55.55,0.47,22.1,67.2,59.95,8.8,14.7,759.5,0.6,3,4.4,33.85
2024/5/7 5:00,44.4,0.425,21.9,56.65,44.65,9.2,12.4,761.1,1.5,2,2.8,23.25
2024/5/7 8:00,40.95,0.45,20.4,61.3,42.4,9.2,15.6,762.5,1.5,4,4,21.2
2024/5/7 11:00,34.35,0.34,11.5,97.55,31.3,7.85,21.2,762.7,0.3,5,-0.2,11
2024/5/7 14:00,38.05,0.34,11,116.8,33.1,8.75,23.2,761.8,-0.9,5,-0.3,13.55
2024/5/7 17:00,43.55,0.415,14.65,133.95,41.65,8.05,22.8,761.2,-0.6,4,0.6,19.05
2024/5/7 20:00,46.85,0.455,30.4,99.6,47.15,8.4,15.6,762.6,1.2,1,1.7,24
2024/5/7 23:00,58.2,0.595,63.6,46.15,62.15,8.9,10.3,763.6,1.1,0,3.8,34.8
2024/5/8 2:00,63.7,0.715,71.15,21.3,74.4,9.75,7.1,763.9,0.8,0,3.7,40.55
2024/5/8 5:00,68.25,1.005,65.35,7.4,78,13.3,5,764.4,0.5,1,3.7,46.65
2024/5/8 8:00,68.65,1.83,50.9,44.8,82.95,18.35,15.4,764.8,-0.466666667,1,4.8,46.75
2024/5/8 11:00,42.9,0.55,17.45,123.85,40.6,9.2,22.5,764,-1.433333333,2,-1.6,19.5
2024/5/8 14:00,44.65,0.44,14.8,139.5,38.5,12.7,25.2,761.6,-2.4,2,-3.2,19.3
2024/5/8 17:00,45.2,0.375,14,143,34.8,9.6,25.3,759.1,-2.5,4,-5.1,15.6
2024/5/8 20:00,53.35,0.625,27.1,121.5,57.25,14.25,21.9,758.8,-0.2,4,-0.8,26
2024/5/8 23:00,52.85,0.685,24.6,97.25,56.4,17.65,18.9,758.8,0,3,6.7,25.05
2024/5/9 2:00,54.65,0.68,18.1,125.45,57.8,15.9,18.8,759,0.2,5,4.6,31.5
2024/5/9 5:00,81.15,0.76,25.65,120.8,93.9,12.25,14.5,760.1,1,1,7.5,58.4
2024/5/9 8:00,79,0.325,12.75,71.55,105.45,7,18.3,761.8,1.7,2,1.8,10.55
2024/5/9 11:00,77.15,0.36,17.25,82.15,102.5,7.55,21.7,761.6,-0.2,2,2.4,12.8
2024/5/9 14:00,60.75,0.345,14.55,117.3,72.2,7.75,24.7,759.1,-2.4,2,1.6,11.35
2024/5/9 17:00,80.1,0.435,18.5,130.7,109.95,8.3,25.8,757.5,-1.6,1,1.2,14.95
2024/5/9 20:00,76.95,0.51,51.8,79.95,103.75,10.05,18.5,757.4,-0.2,1,3.6,22.2
2024/5/9 23:00,98.9,0.845,27.4,89,147.15,14.8,19.9,757,-0.3,2,4.8,22.4
2024/5/10 2:00,85.15,0.665,22.55,114.6,119.9,15.7,19.1,755.9,-1.1,3,8.4,39.15
2024/5/10 5:00,72.95,0.66,15.7,141.75,95.55,14.35,18.3,755.6,-0.3,2,7.4,37.4
2024/5/10 8:00,77.2,0.71,21.45,131.6,105.4,14.25,19.9,755.5,-0.1,5,7.6,38.6
2024/5/10 11:00,69.75,0.655,18.3,136.95,89.65,12.55,22.7,754.7,-0.8,4,9.1,37.15
2024/5/10 14:00,57.3,0.455,13.4,133.4,65.25,9.8,24.1,753.4,-1.3,6,6.4,18.05
2024/5/10 17:00,54.85,0.465,14.35,146.55,59.7,9.65,23.7,751.9,-1.5,4,7.3,15.25
2024/5/10 20:00,58.95,0.445,14.05,134.75,67.65,10.9,18.7,753.3,1.4,5,4.8,15.4
2024/5/10 23:00,49.85,0.45,15.55,108.9,52.3,13.15,14.9,754.4,1.1,3,10.5,18.4
2024/5/11 2:00,71.15,0.36,12.1,79.65,91.65,7.8,12,756,1.5,1,9.9,23.25
2024/5/11 5:00,77.1,0.435,14.85,70.95,104.1,14.5,10.4,754.3,-1.7,1,8.7,27.95
2024/5/11 8:00,71.6,1.015,28.95,59.45,92.7,17.1,15.4,753.7,-0.6,2,8.2,26.9
2024/5/11 11:00,118.5,0.455,13.9,90.8,186.55,8.9,18.3,753.1,-0.5,6,0.9,35.8
2024/5/11 14:00,49.4,0.325,11.05,98.6,53.75,7.65,21,752.9,-0.3,5,0.2,8.3
2024/5/11 17:00,75.5,0.375,17.95,69.1,100.65,7.6,18.7,753.9,1,5,2.9,14.15
2024/5/11 20:00,112.65,0.375,17.35,63.7,174.75,7,17.5,755.7,1.8,4,3,23.15
2024/5/11 23:00,95.65,0.36,20.8,55.8,141,8.9,15.9,756.9,1.2,4,4,20.5
2024/5/12 2:00,58.85,0.35,14.1,62.7,67.3,7.35,14.5,757.2,0.3,4,3.3,13.05
2024/5/12 5:00,51.05,0.36,20.4,44.05,53.25,7.1,10,758.6,1.4,1,4.6,13.3
2024/5/12 8:00,46.65,0.37,17.4,58.85,47.3,7.15,15.8,759.1,0.5,2,3.9,12.2
2024/5/12 11:00,40.55,0.36,12.55,85.95,38.7,7.8,19.1,759.2,0.1,2,4.5,12.55
2024/5/12 14:00,34.35,0.35,10.3,97.45,31.25,7.45,21.8,758.3,-0.9,3,4.8,8.8
2024/5/12 17:00,37.7,0.34,12.8,99.8,35.25,7.15,22.5,757.7,-0.6,2,4.5,10.35
2024/5/12 20:00,45.55,0.475,41.4,62.35,46.95,7.25,15,758.4,0.7,0,6.3,19.2
2024/5/12 23:00,43.9,0.44,32.2,70.45,46.55,12.05,15.4,759.1,0.8,2,6.9,17.7
2024/5/13 2:00,46.75,0.975,28.25,61.7,45.5,20.5,13.7,758.7,-0.5,2,4.8,21.65
2024/5/13 5:00,54.45,1.22,34.85,55.1,57,29.7,9.6,758.5,-0.1,1,4.8,29.95
2024/5/13 8:00,57.7,1.175,34.6,65.35,62.65,19.8,17.9,758.7,0.1,4,6.7,32.25
2024/5/13 11:00,51.15,0.925,25.15,100.75,50.2,18.75,24.1,757.8,-0.9,3,5,23.45
2024/5/13 14:00,42.8,0.525,15.5,121.5,41.5,11.15,27.1,755.5,-2.2,5,3.6,13.7
2024/5/13 17:00,61.15,0.905,20.55,165.85,67.35,15.5,26.4,754.4,-1.2,6,4.2,27.65
2024/5/13 20:00,75,0.94,22.35,178.6,89.75,16.8,22.9,754.3,0,5,2.4,32.6
2024/5/13 23:00,57.9,0.64,20.1,142.1,65.4,17.1,21.3,753.7,-0.6,3,4.4,17.95
2024/5/14 2:00,55.35,0.64,18.15,136.05,60.2,17.85,20.1,753,-0.6,3,5.4,17.2
2024/5/14 5:00,65.95,0.74,17.6,135.85,81.3,15.8,21.2,754.6,1.6,5,5.1,25.1
2024/5/14 8:00,72.7,0.59,22.25,127.4,88.95,11.5,20.6,756.6,1.9,4,10.1,29.35
2024/5/14 11:00,56.55,0.525,21.2,116.3,62.15,11.15,23.4,757.3,0.7,4,8.7,21.1
2024/5/14 14:00,36.15,0.35,13.05,100.65,30.1,7.65,25.5,757.3,0,3,2.9,8.25
2024/5/14 17:00,57.8,0.385,16.55,90.75,65.6,7.85,21.4,760,2.7,4,7.6,13.9
2024/5/14 20:00,54.35,0.395,18.2,68.75,58.55,7.9,15.6,763.3,3.2,3,6.1,12.85
2024/5/14 23:00,46.4,0.395,25.85,55.9,48.5,8.7,14.2,764.3,1,2,5.3,12.8
2024/5/15 2:00,47.4,0.4,26.45,48.75,48.8,8.9,11.9,764.3,0,1,5.3,14
2024/5/15 5:00,51.7,0.47,38.25,28.65,54.7,9.4,9.8,764.6,0.3,1,5.6,18.75
2024/5/15 8:00,44.7,0.445,24.65,59,44.25,9.9,15.5,765.3,0.6,3,4.8,14.4
2024/5/15 11:00,34.25,0.335,14.55,81.8,31.5,9.3,18.4,764.5,-0.8,3,-1.4,7.9
2024/5/15 14:00,35.35,0.315,8.35,94.55,31.1,7.3,20.6,762,-2.5,5,-6.1,7.7
2024/5/15 17:00,35.1,0.285,9.1,96.85,30.9,7.45,20.5,760.9,-1,4,-7.9,5.85
2024/5/15 20:00,31.7,0.36,22.15,76.1,31.45,7.3,13.4,760.6,-0.4,0,-4.3,9.6
2024/5/15 23:00,48.55,0.62,70,13.05,52.85,7.7,8.4,760.2,-0.4,1,-0.6,20.45
2024/5/16 2:00,59.8,0.635,67.25,6.55,69.75,15.5,5.4,759.4,-0.7,1,-0.2,25.8
2024/5/16 5:00,51.85,1.29,44.15,18.3,56.15,13.6,4.9,759,-0.5,1,-0.3,25.1
2024/5/16 8:00,55.35,1.45,33.85,54,58.5,17.35,15,758.5,-0.4,2,1.9,24.45
2024/5/16 11:00,33.95,0.46,13.6,100.85,27.65,8.85,20.7,757.1,-1.4,2,-3.7,11.5
2024/5/16 14:00,40.1,0.455,13.9,126.55,26.95,8.95,22.7,755,-2.1,2,-2.8,11.35
2024/5/16 17:00,39.4,0.39,16.25,124.55,24.55,7.95,23.1,753.9,-1.1,2,-3.3,10.85
2024/5/16 20:00,40.15,0.475,48.3,75.6,35.4,8,14.6,754.4,0.5,0,1.2,19.1
2024/5/16 23:00,49.35,0.625,71.4,36.25,49.2,8.85,10.6,754.9,0.5,0,1.2,24.05
2024/5/17 2:00,49.35,0.91,54.25,33.15,51.15,20.05,8.1,755.6,0.7,0,2.1,24.5
2024/5/17 5:00,51.75,1.225,55.6,29.15,54.1,15.2,9,755.7,0.1,2,2.6,25.2
2024/5/17 8:00,50.8,1.35,37.45,68,53,14.65,20.4,756.3,0.6,2,1.8,23.95
2024/5/17 11:00,53.95,0.705,19.6,151.15,57.15,15.75,25.9,755.8,-0.4,4,5.5,23.8
2024/5/17 14:00,99.5,0.745,17.6,200.75,62.7,15.25,28.1,754.7,-1.2,4,7.9,26.7
2024/5/17 17:00,95.1,0.665,19.95,196.2,54.8,14.3,28,754.2,-0.4,4,9.8,19.7
2024/5/17 20:00,54.05,0.595,20.05,156.75,53.75,13.7,23.5,755.5,1.3,2,8.8,21.15
2024/5/17 23:00,50.5,0.825,19.6,139.7,51.25,14.45,20.2,756.1,0.6,2,10,22.8
2024/5/18 2:00,54.2,0.8,19.1,149.95,57.35,14.5,14.9,756.5,0.4,0,9.3,25.35
2024/5/18 5:00,56.05,0.815,19.2,131.65,61.2,23.95,14,757.1,0.6,1,10.8,31.1
2024/5/18 8:00,51.7,0.805,19.3,129.5,54.25,15.9,22,758.2,1.1,3,14.1,28.5
2024/5/18 11:00,51.05,0.665,14.6,155.65,47.55,13.85,26.1,758.8,0.6,4,14.6,23.6
2024/5/18 14:00,71.25,0.725,14.4,176.65,51.05,12.05,26.7,758.3,-0.5,3,15.1,26.3
2024/5/18 17:00,50.4,0.765,18,135.4,46.95,12.7,24.8,758.5,0.2,2,15.2,25.4
2024/5/18 20:00,45.8,0.755,24.8,89.75,46.05,12.3,21.2,760.2,1.7,1,13.6,21.7
2024/5/18 23:00,51.83333333,0.815,33.1,69.55,53.35,12.45,19.7,760.4,0.2,1,13.6,26.61111111
2024/5/19 2:00,41.55,0.61,18.8,85.6,38.72222222,9.6,17.2,759.4,-1,1,13.1,20.25
2024/5/19 5:00,39.05,0.74,22.9,66.5,38.27777778,23.6,17.6,759.2,-0.2,0,13.3,20.95
2024/5/19 8:00,48.25,0.655,35.85,39.4,49.7,10.15,15.4,759.8,0.5,1,12.3,24.75
2024/5/19 11:00,51.88888889,0.7,46.4,23.5,55.05555556,8.85,15.4,760.7,0.9,2,13.2,29.2
2024/5/19 14:00,22.75,0.525,24.85,47,20.85,7.6,10.9,760.7,0,3,9.8,13.4
2024/5/19 17:00,21.35,0.455,19.25,63.55,16.22222222,7.55,10.8,761.2,0.4,3,9.4,11.1
2024/5/19 20:00,21.45,0.485,18.4,63.55,17.33333333,7.35,10.6,762.7,1.5,3,9.4,11.45
2024/5/19 23:00,23.6,0.44,12.1,73.7,15.6,7.5,11.2,763,0.4,2,8.9,10.35
2024/5/20 2:00,23.95,0.43,10.3,74.6,15.8,7.4,11,762.5,-0.6,2,7.7,11.9
2024/5/20 5:00,24.05,0.43,11.3,72.7,18.5,7.4,11,763.3,0.7,2,7.1,13.45
2024/5/20 8:00,23.5,0.43,15.1,73.85,17.6,7.4,12.2,764.2,0.9,2,7.1,11.4
2024/5/20 11:00,27.65,0.445,16.9,78.85,19.5,7.3,15.5,763.9,-0.1,1,9.2,13.25
2024/5/20 14:00,35.35,0.45,18.75,104.45,23.55,8.05,19.7,762.6,-1.4,2,9.9,16.55
2024/5/20 17:00,39.3,0.585,21.05,120.45,24.3,9.1,20.3,761.7,-0.9,2,10.1,15.3
2024/5/20 20:00,32.85,0.975,36.05,91.3,28.1,10,14.2,762.7,1,1,10.6,17.75
2024/5/20 23:00,31.8,0.87,46.6,30.7,27.7,9.65,11.5,762.9,0.2,0,10.1,15.35
2024/5/21 2:00,30.5,0.83,41.85,13.35,29.25,9.3,10.9,762.4,-0.4,1,10.3,15.4
2024/5/21 5:00,33.55,1.15,33.95,8.6,32.55,10.2,9.3,763,0.5,1,8.7,19.4
2024/5/21 8:00,66.05,1.955,46.8,30.95,65.5,34.8,17.6,763.3,0.4,1,12.7,40.85
2024/5/21 11:00,56.2,1.56,29.5,126.85,57.75,22.85,24.4,762.1,-1.2,3,13.6,35.05
2024/5/21 14:00,52.1,0.965,19.9,157.7,43.25,14.85,28.3,760.6,-1.5,4,12.2,21.1
2024/5/21 17:00,64.5,0.76,20.25,171.25,52,12.75,26.1,759.7,-0.4,4,14.9,27.2
2024/5/21 20:00,46.9,0.64,22.2,143.5,42.9,9.7,21.4,760.4,0.7,4,14.6,25.35
2024/5/21 23:00,42.35,1.03,27.4,86.7,41.95,18.35,18.2,760.8,0.5,2,12.4,24.95
2024/5/22 2:00,37.5,0.89,26.25,68.15,37.45,19.9,15.6,759.8,-1,2,11.2,20.6
2024/5/22 5:00,29.3,0.53,17.95,86.1,22.5,16,15.9,759.1,-0.7,2,10.2,10.2
2024/5/22 8:00,31.72222222,0.605,20.85,98.9,26.5,14.66666667,19,759,-0.2,3,11.8,12.6
2024/5/22 11:00,39.9,0.64,14.35,119.8,34.25,11.8,22.9,757.5,-1.4,5,15,14.85
2024/5/22 14:00,47,0.66,14.85,140.6,43.55,11.25,24.9,755.8,-1.7,6,15.5,20.05
2024/5/22 17:00,37,0.655,19.15,101.15,34.85,11.65,22,755.8,0,3,14.9,16.7
2024/5/22 20:00,38.55,0.76,20.85,76.7,38.55,14.35,19.1,756,0.1,2,14.2,20.35
2024/5/22 23:00,38.25,0.765,19.55,76.35,38.25,13.85,17.9,756.3,0.4,1,14.6,21.7
2024/5/23 2:00,34.95,0.92,21.6,69.45,34.95,11,18.3,755.5,-0.8,2,14.2,17.85
2024/5/23 5:00,42.25,1.105,21.85,74.95,42.75,11.7,18.5,756,0.5,1,14.2,23.9
2024/5/23 8:00,34.1,1.06,42.7,31.9,34.45,9.05,17.2,757.3,1.2,1,17,20.65
2024/5/23 11:00,23.05,0.435,18.4,68.25,14.2,7.55,13.8,759.5,2.2,4,12,7.9
2024/5/23 14:00,19,0.495,24.7,52.25,16.15,7.05,13.9,759.1,-0.4,3,13.1,9.5
2024/5/23 17:00,21.85,0.445,21.3,64.05,14.8,7.45,13.5,759.7,0.7,4,10.1,8
2024/5/23 20:00,19.8,0.445,23.7,52.65,17.2,7.4,13.9,760.7,0.9,2,9.3,9.55
2024/5/23 23:00,20.1,0.485,24.65,42.45,18.95,8.25,11.8,761.2,0.5,1,9,10
2024/5/24 2:00,23.7,0.48,33.8,26.3,23.7,8.3,11.8,762.1,0.8,3,9.5,11.45
2024/5/24 5:00,25.1,0.48,26.95,29.9,24.2,8.6,8.8,762.7,0.6,1,8.8,14.8
2024/5/24 8:00,24.25,0.605,25.2,48.45,23.35,10,16.5,763.4,0.8,2,10.6,12.8
2024/5/24 11:00,26.75,0.53,18.05,81.75,20.3,9.35,20.3,763,-0.4,3,6.3,10.65
2024/5/24 14:00,34.15,0.4,12.3,107.5,17.15,8.25,23.5,761.6,-1.4,2.5,3.4,7.05
2024/5/24 17:00,35,0.405,15.6,110.9,20.45,7.8,22.5,761,-0.6,2,4.1,9.7
2024/5/24 20:00,33.3,0.555,34.5,84,33,8.5,19.2,762.1,1.2,2,4.9,15.6
2024/5/24 23:00,30.7,0.525,43.5,54.35,30.4,9.35,15.2,762.3,0.1,1,7.2,13.6
2024/5/25 2:00,28.9,0.775,43.6,39.1,28.6,11.6,12.3,762.3,0,1,8.6,13.25
2024/5/25 5:00,32.85,0.92,47.5,23.7,31.7,10.55,12.3,762.3,0,1,8.6,16.4
2024/5/25 8:00,31.5,1.155,35.25,57.65,31.5,13.6,18.5,761.7,-0.6,3,9.3,17.05
2024/5/25 11:00,37.15,0.54,15.7,117.3,23.2,9.15,23.1,760.6,-1.1,1,7.6,11.4
2024/5/25 14:00,31.1,0.58,25.35,97.95,26.4,13.1,22.7,759,-1.6,3,8.8,12.15
2024/5/25 17:00,32.3,0.545,27.25,97.1,25.2,15,21.5,757.6,-1.4,3,8.4,11.9
2024/5/25 20:00,30.2,0.7,33.4,65.1,28.95,12.35,16,757.7,0.1,2,13.8,15.95
2024/5/25 23:00,26,0.7,24.55,72.5,23.3,8.7,14.5,755.2,-2.4,1,14,16.35
2024/5/26 2:00,29.85,0.67,17.1,77.45,27.25,11.9,15.9,752.8,-2.4,2,13.6,18
2024/5/26 5:00,25.25,0.6,11.5,77.35,19.75,9.1,15.7,751.6,-1.2,2,15.7,13.1
2024/5/26 8:00,20.65,0.575,14.45,63.6,12.83333333,8.4,15.6,751.1,-0.6,4,15.6,9.55
2024/5/26 11:00,18.8,0.57,22.8,54.75,13.05,7.9,15,751,-0.1,2,15,9.65
2024/5/26 14:00,23.5,0.525,15.55,73.3,14.7,8.3,17.1,749.8,-1.2,3,14,10.65
2024/5/26 17:00,27.5,0.455,12.3,86.5,13.65,7.4,15.7,750.4,0.6,5,9.8,3.95
2024/5/26 20:00,27.25,0.46,16.5,86.05,10.9,7.45,14.5,751.3,0.9,2,9.1,4.6
2024/5/26 23:00,26.25,0.45,17.45,81.85,11.65,8.5,14.9,751.3,0,6,8.2,4.6
2024/5/27 2:00,27.8,0.39,13,87.2,9.9,7.8,14.1,751.6,0.3,3,7.9,3.85
2024/5/27 5:00,25.15,0.41,14.95,78.85,10.85,8.35,13.3,752.1,0.5,4,8.2,4.9
2024/5/27 8:00,23.45,0.425,16.3,73.25,12.5,8.35,17.5,753.1,1,4,7.3,4.95
2024/5/27 11:00,30,0.4,12.2,94.65,13.7,7.7,21.3,753.1,0.1,6,7.5,6.15
2024/5/27 14:00,36.7,0.355,10.05,103.05,28.1,7.55,23.4,753.4,0.3,5,7.5,6.15
2024/5/27 17:00,33.2,0.345,11.7,104.55,19.7,7.3,22.2,754.4,0.9,4,6.4,6.6
2024/5/27 20:00,26.35,0.465,27.05,75.3,20.25,8,15.9,755.8,1.4,1,8.2,8.4
2024/5/27 23:00,34.15,0.6,53,37.3,33.55,8.8,11.5,755.7,-0.1,0,9.2,12.6
2024/5/28 2:00,35.3,0.655,56.5,16.7,33,9.85,10.1,756.4,0.7,1,9.8,14.4
2024/5/28 5:00,33.85,0.805,45.45,14.1,33.15,9.4,9.7,756.4,0,1,9.7,16.45
2024/5/28 8:00,32.15,1.26,37.65,40.5,31.55,13.45,17.5,756.6,0.2,1,11.3,15.95
2024/5/28 11:00,35.25,1.01,27.2,97.95,33,18.45,23.4,755.9,-0.7,3,10.8,16.7
2024/5/28 14:00,51.3,0.85,18.2,140.6,48.95,14.05,26.8,754.6,-1.3,3,10.1,26.75
2024/5/28 17:00,57.4,0.505,18.1,163.05,37.6,10.65,27.3,753.9,-0.6,2,8.7,21.95
2024/5/28 20:00,42.1,0.59,38.15,124.9,40.1,9.9,22.9,754.6,0.7,2,11,23.75
2024/5/28 23:00,40.65,0.545,30.7,100.55,40,11.95,19.7,755.2,0.6,2,10.7,21.7
2024/5/29 2:00,83.45,1.64,22.05,164.1,85.3,19.9,18.4,754.9,-0.3,3,10.5,60.8
2024/5/29 5:00,51.9,1.33,30.3,114.1,50.9,29.2,18.3,754.5,-0.4,2,7.4,31.3
2024/5/29 8:00,41.16666667,1.035,30.9,107.3888889,39.95,22.16666667,23.7,754.9,0.4,5,6,19.4
2024/5/29 11:00,46.66666667,0.8,25.35,142,50,15.7,27,753.5,-1.3,6,8,18.77777778
2024/5/29 14:00,97.9,0.64,17.9,199.7,65.05,12.8,28.6,752.7,-0.8,6,8.8,25.45
2024/5/29 17:00,103.05,0.785,22.1,206.3,60.4,13.65,27.3,752.1,-0.6,6,9.6,23.95
2024/5/29 20:00,77.25,0.74,25.6,181.45,51.85,14.15,23.7,753.4,1.2,1,11.1,21.25
2024/5/29 23:00,44.35,0.8,27,134.85,41.8,15.25,21.3,753,-0.3,2,11.9,20.1
2024/5/30 2:00,47.65,0.61,20.5,146.5,44.75,19.4,22.6,753.1,0,4,9.4,21.4
2024/5/30 5:00,41.7,0.56,19.35,122.5,39.3,15.95,21,753.9,0.9,2,9.9,18.95
2024/5/30 8:00,43,0.7,32.25,91.65,43.4,19.6,20.8,754.2,0.2,3,10.3,19.2
2024/5/30 11:00,40.25,0.6,22.4,104.05,40.25,15.05,22.7,753,-1.2,3,10.8,16.6
2024/5/30 14:00,49.1,0.605,15.9,150.75,47.95,12.65,26,752.2,-0.7,5,11.4,18.9
2024/5/30 17:00,47.15,0.505,16.2,144.3,40.9,10.5,24.8,752.7,0.5,6,9.5,16
2024/5/30 20:00,36.7,0.515,24.2,114,35.95,11.85,21.8,753.6,0.8,4,10.6,16.75
2024/5/30 23:00,45.2,0.615,21.35,109.5,44.1,8.15,18.2,755.2,1.6,1,14.5,25.5
2024/5/31 2:00,26.05,0.5,14.3,67.6,25.9,7.1,15.8,755.5,0.3,2,15,15.85
2024/5/31 5:00,21,0.425,11.15,63.55,17.3,6.7,14.4,756.8,1.3,2,11.6,8.9
2024/5/31 8:00,19.55,0.435,15,61.3,13.05,7.1,14.9,758.2,1.3,2,10.9,6.55
2024/5/31 11:00,20.6,0.39,12.35,63.1,13.35,7.4,18.2,758.8,0.7,3,9.8,5.45
2024/5/31 14:00,25.25,0.38,10.55,78.85,12.45,7.2,19.7,758.4,-0.5,2,9.3,4.75
2024/5/31 17:00,25.5,0.365,16.65,79.55,12.95,7.55,21,758.3,-0.1,2,9.9,4.9
2024/5/31 20:00,21.35,0.415,31.3,56.25,15.4,7.25,17.3,759.2,0.9,1,10.9,6.9
2024/5/31 23:00,32.95,0.605,60.1,10.85,26.35,7.85,13.8,759.5,0.3,1,11.8,16.55
2024/6/1 2:00,33.25,0.52,52.3,11.1,31.75,7.95,11.7,759.7,0.2,0,11.7,16.25
2024/6/1 5:00,28.95,0.595,43.5,8.388888889,26.75,7.9,10.5,760.1,0.4,0,10.5,15
2024/6/1 8:00,33.8,0.535,32.95,34.4,27.25,9.25,18.5,760.1,0,1,12.5,17.45
2024/6/1 11:00,29.85,0.385,18.15,82.45,22.95,9.9,21.9,759.3,-0.8,3,9.8,10.2
2024/6/1 14:00,33.7,0.375,12.8,106.15,20.35,8.15,25.1,757.5,-1.8,3,7.7,8.45
2024/6/1 17:00,29.7,0.39,17.7,91.05,16.7,7.65,21.9,758,0.5,5,8.8,8.15
2024/6/1 20:00,23.8,0.375,24.3,63.25,21.5,7.75,17.1,758.7,0.7,1,8.8,9.7
2024/6/1 23:00,23.3,0.525,31.5,48.9,22.6,8.05,13.2,759.1,0.4,1,9.8,10.1
2024/6/2 2:00,24.45,0.52,34.9,34.3,21.25,11.7,10.6,758.8,-0.2,1,9.8,9.65
2024/6/2 5:00,28.45,0.575,51.45,7.85,23.3,8.1,10.4,758.8,-0.1,1,10.4,11.15
2024/6/2 8:00,44.25,1.535,43.1,19.4,44.3,12.3,13.8,759.1,0.2,1,10.8,25.95
2024/6/2 11:00,39.3,1.045,35.4,55.2,39.3,11.35,18.6,758.9,-0.1,2,11.7,20.05
2024/6/2 14:00,28.65,0.52,15.6,90.3,20.1,8.75,22.5,757.9,-0.9,2,10,9.65
2024/6/2 17:00,32.8,0.505,14.45,103.35,16.5,8.8,24.7,757.1,-0.9,2,8.6,10.8
2024/6/2 20:00,28.5,0.505,27.65,81.15,22.35,7.8,18.1,757.8,0.7,1,10.7,13.7
2024/6/2 23:00,32.7,0.57,48,46.7,31.15,8.3,15.1,758.8,1.1,1,11.9,16.95
2024/6/3 2:00,30.6,0.795,45.7,30,29.15,10.3,13.2,758.8,-0.1,1,11.9,16.45
2024/6/3 5:00,35.25,0.895,48.1,16.85,34.55,10.7,12.8,759.1,0.4,1,12.5,19.4
2024/6/3 8:00,30.8,0.75,33.45,46.6,30.6,11.5,19.5,759.8,0.6,2,12.3,15.2
2024/6/3 11:00,28.6,0.585,16.05,89.7,17.2,9.3,24.4,759.4,-0.3,2,10.3,8.05
2024/6/3 14:00,35.6,0.485,11.5,112.45,14.65,8.25,26.6,758.4,-1.1,2,7.6,5.25
2024/6/3 17:00,39.7,0.49,12.95,125.75,15.85,8,27.9,757.6,-0.7,1,8.2,5.75
2024/6/3 20:00,35.2,0.62,46.55,80.75,26.65,7.9,19.5,758.5,0.8,0,11.3,11.7
2024/6/3 23:00,47.15,0.87,91.3,16.9,42.95,8.75,16.1,759.7,1.2,1,11.9,23.75
2024/6/4 2:00,54.15,0.9,91.3,4,56.65,20.45,14.1,760.1,0.4,1,13.3,25.95
2024/6/4 5:00,62.4,1.495,81.15,13.45,70.85,22.5,13.5,760.9,0.8,1,13.5,34.9
2024/6/4 8:00,55.9,1.625,50.65,77.9,61.75,33.85,22.6,761.2,0.4,3,13.4,30.35
2024/6/4 11:00,53.75,1.04,22.75,155.25,54.5,16.3,26.8,761.1,-0.1,3,11.7,27.8
2024/6/4 14:00,98.4,0.875,15.65,200.45,45.2,13,29.4,760,-1.1,3,12.8,22.8
2024/6/4 17:00,87.15,0.635,16.95,189.75,35.65,10.8,29,759.5,-0.5,4,11.6,15.9
2024/6/4 20:00,43.35,0.67,35.05,133.75,34.6,9.4,24.4,760.8,1.3,2,11,16.65
2024/6/4 23:00,45.3,0.695,39.75,105.3,43.7,10,22.2,761.7,0.9,2,12.7,23.35
2024/6/5 2:00,47.5,1.3,40.6,96.6,50.3,29.75,17.1,761.5,-0.2,1,11.6,27.1
2024/6/5 5:00,52.25,1.29,60,54.65,56.85,30.3,15.1,761.8,0.3,0,14.5,29.45
2024/6/5 8:00,43,1.3,42.5,87.33333333,44.95,27.6,23.9,762.1,0.3,3,12.9,22.8
2024/6/5 11:00,40.15,0.83,23.95,127.4,32.8,13.9,27.6,761.3,-0.8,5,9.4,11.35
2024/6/5 14:00,70.7,0.665,15.55,176.3,40.75,11.45,28.5,760.5,-0.8,5,12,15
2024/6/5 17:00,69.6,0.605,18.4,175.35,39.35,9.9,27.4,760,-0.5,4,12.6,14.9
2024/6/5 20:00,45.4,0.58,21.6,144.25,34.7,8.9,24,760.9,0.9,4,11,14.6
2024/6/5 23:00,35.5,0.815,35.05,87.6,35.05,23.65,21.5,761.6,0.7,2,10.9,17.7
2024/6/6 2:00,34.35,0.745,41.4,63.35,33.6,26.75,18.4,761.2,-0.4,1,10.8,18.7
2024/6/6 5:00,37.4,0.675,33.3,72.65,37.55,28.95,14.3,761.7,0.4,1,10.7,15.6
2024/6/6 8:00,34.4,0.75,25.5,93.65,34.55,17.8,23.1,761.3,-0.3,4,11.5,13.35
2024/6/6 11:00,43.55,0.765,17.5,135.55,37.95,12.8,26.6,760.5,-0.8,5,11.9,14.9
2024/6/6 14:00,57.3,0.75,17.5,165.4,44.35,12.85,28.1,758.5,-2,5,12.9,17.85
2024/6/6 17:00,54.05,0.63,18.95,162.15,37.95,10.85,27.9,757.5,-1,4,12.3,16.05
2024/6/6 20:00,41.3,0.595,21.4,131.15,36.35,9.35,23.8,758.3,0.8,2,12.5,16.4
2024/6/6 23:00,34.2,0.475,23.1,93.55,29.3,16.9,20.8,758.6,0.3,2,9.7,15.35
2024/6/7 2:00,36,0.575,19.6,104.35,31,20.5,20.1,757.7,-0.9,2,9.9,16.25
2024/6/7 5:00,34.95,0.6,21.6,98.55,31.6,17.2,20.7,757.4,-0.3,2,10.5,16.05
2024/6/7 8:00,33.4,0.605,22.8,95.6,31.25,17,22.9,757,-0.4,3,11.3,14.1
2024/6/7 11:00,32.8,0.495,17.55,100.1,30.25,13.6,23.6,756.8,-0.2,3,11.6,13.2
2024/6/7 14:00,33.6,0.5,17.15,105.2,27.3,10.55,25.3,756.1,-0.7,4,12.5,15.1
2024/6/7 17:00,40.3,0.565,24.8,116.35,36.75,10.25,24.7,755.5,-0.6,4,12.3,19.8
2024/6/7 20:00,28.5,0.43,20.3,89.15,24.9,11.45,22.2,755.9,0.4,2,11.9,11.25
2024/6/7 23:00,28.25,0.46,20.8,78.9,27.35,14.55,21.1,756.1,0.2,3,13.3,15.2
2024/6/8 2:00,33.35,0.6,23,56.1,31.15,10,17.4,755.3,-0.8,1,17.2,20.5
2024/6/8 5:00,24.4,0.615,21.95,60.2,23.8,11.7,18,754.9,-0.4,1,16.2,15.85
2024/6/8 8:00,23.95,0.74,22.5,63,21.45,15,20.8,754.8,-0.1,3,15.4,14.1
2024/6/8 11:00,31.55,0.62,14.5,99.8,20.15,10.3,23.8,753.7,-1.1,4,15.8,13.25
2024/6/8 14:00,44.35,0.515,11.95,141,24.7,7.9,25.8,752.5,-1.2,5,15.2,13.15
2024/6/8 17:00,45.15,0.505,13.3,142.95,22.1,7.45,26.3,751.9,-0.6,5,14.7,11.7
2024/6/8 20:00,41.65,0.515,19.6,131.95,25.15,7.55,24,752.2,0.3,3,15,13.9
2024/6/8 23:00,28.1,0.535,22.15,79.15,25.8,12.75,21.2,753.3,1.1,3,16.2,15.1
2024/6/9 2:00,23.9,0.71,25.8,58,23.5,18.6,18.5,753.2,-0.1,1,16.1,13.4
2024/6/9 5:00,25.05,0.81,33.6,41.7,24.05,16.65,15.6,754.2,1,1,15.6,14.75
2024/6/9 8:00,46.2,0.72,26.45,92.4,43.85,11.4,21.7,754.8,0.6,4,16.4,27.25
2024/6/9 11:00,48.6,0.765,17.2,138.6,42.6,8.9,24.8,754.6,-0.2,2,16,29.2
2024/6/9 14:00,42.3,0.555,12,134.5,19.15,8.9,27.9,754.1,-0.5,3,11,10.55
2024/6/9 17:00,39.05,0.415,12.05,123.45,9.65,7.4,28.2,753.8,-0.3,3,9,4.5
2024/6/9 20:00,31.65,0.48,36.15,84.8,14.95,7.2,20.8,754.3,0.5,1,11.2,5.9
2024/6/9 23:00,37.95,0.655,67.15,37.45,31.35,8.25,16.7,754.8,0.5,1,12.5,13.15
2024/6/10 2:00,41.05,0.895,78.7,15.1,32.5,16.1,14.7,754.9,0.1,1,12.6,13.9
2024/6/10 5:00,53.2,1.13,63.25,24,54.4,19.75,14.7,754.7,-0.2,1,14.7,27.75
2024/6/10 8:00,55.4,1.41,40.4,65.45,53.9,14.95,23.5,754.3,-0.4,2,16.3,33
2024/6/10 11:00,48.25,0.98,20.8,151.55,35.7,18.4,28.1,753,-1.3,5,14,20
2024/6/10 14:00,86.95,0.89,15.5,189.4,35.45,13.5,31.8,751.3,-1.7,4,12.1,16.55
2024/6/10 17:00,62.4,0.645,15.45,169.35,33.45,10.9,31,750.1,-1.2,5,11.4,12.45
2024/6/10 20:00,39.65,0.665,26.75,125.85,32.95,11.85,27.5,751.1,1.1,2,14.5,14.75
2024/6/10 23:00,36.1,0.695,27.65,105.35,34.55,15.15,23,751.5,0.4,1,14,17.9
2024/6/11 2:00,39.5,0.885,27.7,113.75,34.75,23,20.8,751.3,-0.3,1,12.8,15.75
2024/6/11 5:00,43.7,0.905,25.15,128.15,38.45,29.45,22.2,750.9,-0.3,1,12.2,17.05
2024/6/11 8:00,49.55,1.045,31.75,121.15,49.5,21.65,26.4,750.1,-0.7,4,14.5,23.1
2024/6/11 11:00,47.5,0.745,26.55,133.3,45.55,13.6,27.5,749.5,-0.7,3,15.8,22.5
2024/6/11 14:00,53.4,0.78,16.9,159.4,51.6,11,28.7,748.9,-0.6,3,16.9,26.75
2024/6/11 17:00,70.25,0.72,19.95,175.85,44.9,11.6,30,748.4,-0.4,3,17.1,22.9
2024/6/11 20:00,55.55,0.89,21.35,144.1,61.15,8.95,25.1,749.5,0.9,2,16.5,32.15
2024/6/11 23:00,56.7,0.845,24.8,144.65,61.85,11.75,22.5,748.9,-0.5,2,18.5,35.5
2024/6/12 2:00,39.95,0.69,15.75,125.5,29.9,10.05,19.9,750.7,1.8,1,18.2,18.25
2024/6/12 5:00,35.35,0.795,20.7,105.2,25.5,14.35,18.9,751.5,0.8,1,17.9,15.5
2024/6/12 8:00,33.5,1.125,28.2,105.25,22.6,10,24.6,752.4,0.9,2,17.6,13.15
2024/6/12 11:00,56.2,0.85,19.1,163.8,34.4,16.1,27.7,752.3,-0.1,3,16.7,16.55
2024/6/12 14:00,102.85,0.8,15.3,207.3,45.45,10.3,29,751.9,-0.5,3,17.5,21.9
2024/6/12 17:00,106.7,0.75,16.75,212.9,36.3,9.75,29.5,751.1,-0.7,3,17.3,19.55
2024/6/12 20:00,68.85714286,0.714285714,21.42857143,174.5714286,30.71428571,8.428571429,25.9,751.7,0.6,1,19.1,15.57142857
2024/6/12 23:00,36.8,0.925,23.4,98.5,34.1,10.65,22.4,752.2,0.5,1,17.5,16.7
2024/6/13 2:00,31.15,0.845,28.65,89,29.4,9.5,19.4,752.5,0.3,1,16.8,15.55
2024/6/13 5:00,36.35,1.05,36,78.25,35.25,26.9,19.8,750.7,-1.8,2,14.6,16.4
2024/6/13 8:00,36.05,1.045,30.65,77.35,35.25,16.2,23.9,750.7,-0.1,2,15.4,15.8
2024/6/13 11:00,39.8,0.61,15.7,127.15,33,13.05,28.2,750.6,0,4,16.8,12.95
2024/6/13 14:00,46.2,0.64,13.6,146.55,28.85,10.25,29.4,749.5,-1.1,4,17.2,12.45
2024/6/13 17:00,42.15,0.565,14.35,133.65,27.83333333,9.45,28.5,749.1,-0.4,4,17.1,12.5
2024/6/13 20:00,28.7,0.635,21.45,81.5,28.22222222,9.2,24.1,751.7,2.6,3,17.4,11.9
2024/6/13 23:00,25.95,0.705,18.45,64.3,25.3,7.75,20.3,750.6,-1.1,2,19.8,15.95
2024/6/14 2:00,34.95,0.745,23.25,42.7,32.75,7.6,20.5,752.5,1.9,3,19.3,19.1
2024/6/14 5:00,29.05,0.59,12.8,91.85,22.55,8.2,19.4,751.9,-0.7,0,19.4,13.15
2024/6/14 8:00,27.15,0.705,26.35,86.55,18.55,13.4,20.2,751.8,-0.1,1,19.7,11.25
2024/6/14 11:00,31.7,0.875,22.75,96.35,19.5,14.1,22,751.9,0.1,3,18.8,11.45
2024/6/14 14:00,27.05,0.78,20.2,83.35,20.45,7.45,21.6,751.5,-0.4,2,20.8,13.6
2024/6/14 17:00,31.4,0.595,18.4,96.1,19.9,7.1,18.4,751.6,0.1,2,17.1,11.05
2024/6/14 20:00,26.9,0.735,51.85,37.15,19.55,7.3,17.8,752.3,0.7,1,17.8,11.9
2024/6/14 23:00,37.3,0.77,40.35,41.7,35.7,9.9,19,752.8,0.5,1,19,21.7
2024/6/15 2:00,41.5,0.845,23.15,60.7,40.8,7.65,18.5,752.9,0.1,1,18.5,22.65
2024/6/15 5:00,20.1,0.56,21.5,36.05,20.4,6.6,17.9,753.7,0.7,2,17.3,12.25
2024/6/15 8:00,18.6,0.445,12.4,56.95,7.944444444,7.55,20.3,754.4,0.8,3,13.3,3.9
2024/6/15 11:00,26.15,0.43,10.3,82.4,10.05,7.05,23.7,754.6,0.2,3,11.7,3
2024/6/15 14:00,32.5,0.4,9.3,101.8,8.8,6.35,25.1,753.5,-1.1,3,10.2,3.75
2024/6/15 17:00,35.35,0.375,11.1,112.25,10.05,6.35,25.6,752.9,-0.6,2,10.2,3.75
2024/6/15 20:00,30,0.45,29.75,87.3,18.5,7.1,19.4,753.4,0.5,1,11.2,5.65
2024/6/15 23:00,23.3,0.48,37.6,49.95,19.45,6.4,16.3,753.9,0.5,0,12.1,6.9
2024/6/16 2:00,33.3,0.55,60.3,23.35,27.7,18.15,16.5,753.7,-0.2,1,14.3,11.45
2024/6/16 5:00,43.45,0.995,59.5,21.8,43.55,19.6,16.7,753.9,0.2,1,14.3,19.65
2024/6/16 8:00,48,1.44,35.9,62.3,46.85,16.1,22.6,754,0.1,4,16.2,24.9
2024/6/16 11:00,38.8,0.91,22.15,116.5,34.95,13.8,26.1,753.4,-0.6,2,14.9,21.05
2024/6/16 14:00,46.7,0.565,14.95,141.3,25.9,9.8,28.9,752.3,-1,4,14.3,19.6
2024/6/16 17:00,52.1,0.495,14.9,159.8,28.1,9.2,29.5,751.6,-0.8,4,13.7,15.8
2024/6/16 20:00,36.55,0.84,24.45,115.7,28.45,9.9,26.2,751.7,0.2,5,13.3,14.35
2024/6/16 23:00,52.55,1.335,20.25,154.85,48.25,12.8,23.1,751.7,0,3,15.7,24.6
2024/6/17 2:00,44.95,1.125,29.8,118.7,45.9,24.3,23.1,750.6,-1.1,3,11.8,21.2
2024/6/17 5:00,56.05,1.24,22.1,160.55,57.65,18.05,24.4,750.5,0,5,13.6,29.45
2024/6/17 8:00,50.8,1.09,27.2,152.4,51.35,13.7,26.6,751.7,1.1,4,15.6,23.8
2024/6/17 11:00,82.4,0.765,22.1,186.7,42.5,10.2,30,751.6,-0.2,2,16.4,21.3
2024/6/17 14:00,95.3,0.57,14.7,203.5,35.05,9.5,32.6,750.7,-0.8,2,11.2,17.15
2024/6/17 17:00,97.85,0.58,17.55,203,39.45,9.9,33.1,749.9,-0.7,2,12.7,18.45
2024/6/17 20:00,102.25,1.045,27.85,208,63.6,10.15,28.3,750.5,0.6,3,18.1,32.85
2024/6/17 23:00,74.6,1.42,27.25,171.75,84.15,13,25.5,751.5,0.9,2,17.4,48.45
2024/6/18 2:00,75.7,0.93,19.45,167.75,87.7,8.75,24.2,749.6,-1.8,4,18.8,51.8
2024/6/18 5:00,72.85,1.105,30,102.85,81.2,12.2,22.7,752,2.4,1,18.5,49.15
2024/6/18 8:00,64.5,1.395,33.75,141.45,66.85,12.8,27.3,752.2,0.2,2,18.9,41
2024/6/18 11:00,108.05,1.4,26.6,216.15,46,15.65,31,751.9,-0.3,3,18,28.35
2024/6/18 14:00,138.85,1.175,20,277.15,46.65,18.15,33.8,751,-1,4,15.8,25.95
2024/6/18 17:00,122.55,0.98,18.45,244.95,43.5,12.45,32.7,750.6,-0.4,5,17.3,19.15
2024/6/18 20:00,80.9,0.84,24.65,184.9,37.1,9.75,29.8,751.7,1.2,3,13.6,18.6
2024/6/18 23:00,50,0.835,44.9,105.25,50.6,17.7,22.3,752.4,0.6,0,17.2,22.3
2024/6/19 2:00,47.85,0.785,25.15,129.6,46.65,17.85,25.7,752.3,0,2,17.9,23.8
2024/6/19 5:00,46.95,0.77,27.1,130.25,45.55,15.35,24.7,753.5,1.2,1,17.4,27.3
2024/6/19 8:00,37.38888889,0.88,25.25,115.7777778,35,15.38888889,28.8,753.7,0.2,4,11.4,16.95
2024/6/19 11:00,47.6,0.67,19.15,144.85,36.45,12.15,32.4,753.4,-0.4,6,4.2,12
2024/6/19 14:00,68.7,0.54,16,174.55,38.1,10.9,33.6,752.8,-0.6,5,7.6,10.3
2024/6/19 17:00,75.8,0.515,17.15,179.8,44.1,9.85,32.7,751.9,-0.8,6,11.8,11.65
2024/6/19 20:00,45.9,0.465,23.25,144.95,33.3,8.7,28.1,753.1,1.2,3,11.2,10.8
2024/6/19 23:00,42.65,0.57,26.5,119.75,35.1,23.5,24.8,753.2,0.1,3,11,10.65
2024/6/20 2:00,37.35,0.615,25.25,113.5,29.15,12.9,18.5,753.1,-0.3,1,12.5,11.15
2024/6/20 5:00,38.9,0.85,30.4,103.95,33.7,24.2,17.1,753.2,0.2,1,12,13.1
2024/6/20 8:00,37.8,0.79,31.25,110.85,34.5,16.75,26.9,753.4,0.2,3,11.8,13.5
2024/6/20 11:00,50.6,0.74,19.6,151.2,36.8,12.05,28.6,752.6,-0.8,3,13.3,15.8
2024/6/20 14:00,57.45,0.75,22.1,164.25,42.45,11.95,28.7,752.2,-0.5,4,13.4,18.25
2024/6/20 17:00,86.3,0.7,21.1,189.35,38.7,10.9,30,751.3,-0.9,2,14.9,17
2024/6/20 20:00,46.6,0.715,36.05,142.7,40.5,12.2,24.1,751.8,0.6,1,16.1,23
2024/6/20 23:00,53.95,0.74,61.05,75.75,54.9,12.1,20.7,752.2,0.25,0,17.3,29.3
2024/6/21 2:00,50.05,0.6,46.6,74.75,50.6,10.5,19.5,752.1,-0.1,1,16.5,28.45
2024/6/21 5:00,44.9,0.58,51,58.85,45.95,12.55,17.9,751.7,-0.4,0,17.1,24.85
2024/6/21 8:00,35.1,0.69,26.15,106.9,30.95,13.2,26.2,751.4,-0.3,1,16.2,17.2
2024/6/21 11:00,39.95,0.805,19.8,128.35,28.5,16.5,29.2,750.5,-0.9,4,17.1,14.45
2024/6/21 14:00,62,0.84,15.6,166.4,49.45,9.8,29.5,749.8,-0.8,3,19.5,24.5
2024/6/21 17:00,37.75,0.665,14.65,119.6,26.61111111,7.45,28.4,749.2,-0.5,3,20.2,13.15
2024/6/21 20:00,31.7,0.585,17.55,94,27.05,6.4,26.1,749.8,0.6,4,20.7,15.05
2024/6/21 23:00,29.65,0.575,15.75,64.2,28.6,5.95,23,749.8,0,2,22.3,16.55
2024/6/22 2:00,35.9,0.595,19.55,41.65,35.9,5.4,22.3,749.2,-0.6,2,22.3,16.45
2024/6/22 5:00,21.55,0.675,21.9,34.9,21.45,8,21.8,749,-0.2,2,21.6,12.9
2024/6/22 8:00,21.45,0.895,24.1,38.6,21,9.5,24,748.9,-0.1,2,21.3,12.55
2024/6/22 11:00,30.2,0.82,16.6,89.15,28.4,7.55,26,748.1,-0.8,3,20.3,16.6
2024/6/22 14:00,44.1,0.775,11.8,139.45,30.65,6.8,28.6,746.8,-1.3,3,20.6,18.65
2024/6/22 17:00,55.25,0.735,13.1,161.35,28.05,6.45,29.6,745.9,-0.9,2,19.9,19.65
2024/6/22 20:00,36.15,0.68,19.3,112.9,31.05555556,5.6,25.4,747,1.1,1,20.4,20.8
2024/6/22 23:00,29.1,0.53,12.25,67.25,26.2,6,19.8,748.5,1.5,5,19.1,14.8
2024/6/23 2:00,84.6,0.475,8.9,57.05,121.1,5.1,18.4,748.3,-0.3,2,17.6,39.5
2024/6/23 5:00,85.7,0.595,13.9,48.4,120.95,5.6,18.1,748.6,0.4,1,17.1,39.4
2024/6/23 8:00,72,0.53,15.55,42.15,89.7,6.95,19.4,749.3,0.7,3,16.2,31.1
2024/6/23 11:00,60,0.5,10,57.65,69.7,5.6,21.6,749.9,0.5,3,15,23.95
2024/6/23 14:00,76.85,0.47,8.5,73.05,103.1,5.7,23.7,749.5,-0.4,2,15,30.45
2024/6/23 17:00,84.2,0.5,9.7,62.35,117.95,5.85,23.4,749.9,0.4,3,14.1,27.5
2024/6/23 20:00,36.75,0.505,16.45,36.35,37.05,5.7,19.9,751.2,1.3,3,15.3,14.1
2024/6/23 23:00,21.65,0.505,18.3,33.8,19.65,5.65,18.9,752.1,0.9,2,14.8,11.65
2024/6/24 2:00,20.15,0.47,15.85,51.9,17.45,5.75,17.8,752.3,0.2,2,14.3,10.05
2024/6/24 5:00,20.15,0.48,12.7,52.9,17.85,5.9,17.3,753.1,0.8,2,14.2,9.5
2024/6/24 8:00,19.6,0.48,13.3,55.7,17.6,6,19.5,753.7,0.6,3,13.7,6.6
2024/6/24 11:00,25.05,0.43,11.7,76.3,15.7,5.5,21,753.4,-0.3,4,11.9,4.55
2024/6/24 14:00,25.8,0.415,8.25,81,10.6,5.45,21.6,754,0.6,4,12.5,4.45
2024/6/24 17:00,28.3,0.425,10.85,89.45,14.1,5.95,22.6,754.4,0.4,4,11,4.35
2024/6/24 20:00,23.55,0.445,18.55,72.95,12.6,5.8,20.2,755.3,0.9,2,9.5,4.75
2024/6/24 23:00,19.6,0.47,31.25,48.5,14.95,6.1,18.7,756.2,0.9,2,10.5,5.65
2024/6/25 2:00,19.65,0.46,33.5,36.8,13.6,6,16.1,756.6,0.3,0,11.9,6.5
2024/6/25 5:00,22.15,0.505,41.05,18.1,16.15,6.55,13.9,757.6,1.1,1,13.7,6.15
2024/6/25 8:00,24.7,0.53,36.9,41.8,21.8,11.45,21.6,758.4,0.8,2,13.5,7.4
2024/6/25 11:00,26.75,0.475,25.35,70.8,24.75,11.75,24.5,758.1,0.84,3,13.1,8.25
2024/6/25 14:00,33.8,0.43,13.35,106.25,17.05,6.85,27.8,757.4,0.88,4,13.4,5.65
2024/6/25 17:00,41.85,0.46,15.15,132.55,18.2,7.5,28.8,757,0.92,3,14.2,6.05
2024/6/25 20:00,39.4,0.525,22.9,124.4,22.75,8.35,25.4,757.9,0.96,2,15.1,8.75
2024/6/25 23:00,23.1,0.5,24.8,67.8,19.85,8.9,22.8,758.9,1,2,13.6,10.5
2024/6/26 2:00,22.3,0.515,31.35,45.25,21.7,11.8,19.9,759.3,0.85,2,13.6,10.15
2024/6/26 5:00,32.6,1.165,37.55,39.25,32.6,20.7,16.5,760,0.7,1,13.4,12.7
2024/6/26 8:00,36.05555556,1.11,33.75,68.85,38.55,21.27777778,24.7,760,0,4,13,15.55
2024/6/26 11:00,40.83333333,0.755,17.22222222,128.35,30.15,10.66666667,28.7,759.6,-0.3,5,12.6,12.65
2024/6/26 14:00,43.8,0.465,12.4,138.65,20.05,7.15,31.5,758.5,-1.2,4,9.7,8.5
2024/6/26 17:00,43.15,0.44,15.7,137,21.4,6.3,31.6,757.4,-1.1,5,9.8,8.45
2024/6/26 20:00,45.3,0.53,27.05,142.5,29.85,7,27.3,757.8,0.5,1,15,11.8
2024/6/26 23:00,36,0.555,30.2,91.1,32.4,18.35,21,758.4,0.5,0,13.9,12.35
2024/6/27 2:00,29.35,0.74,24.55,86.35,24.75,9.45,18.1,757.8,-0.5,0,13,10.65
2024/6/27 5:00,35.95,0.755,28.1,95.05,32.6,15.8,17.5,757.6,-0.3,1,13,11.8
2024/6/27 8:00,43.05,0.8,27.15,111.95,42.75,13.85,26.6,757,-0.5,4,15,13.3
2024/6/27 11:00,53.3,0.79,18.6,160.7,45.85,11.5,30.2,756.3,-0.7,5,17.3,16.6
2024/6/27 14:00,98.95,0.78,16.85,202,50.9,11.5,31.8,755.1,-1.2,4,18,18.55
2024/6/27 17:00,96.35,0.7,18.2,199.5,48.15,10.15,30.7,754.5,-0.6,4,17.8,20.75
2024/6/27 20:00,72.05,0.66,19.65,177.35,48.4,8.75,27.6,755.2,0.6,5,13.9,22.75
2024/6/27 23:00,55.4,0.915,35.9,105.35,60.4,17.85,22,755.1,0,1,17.6,24.8
2024/6/28 2:00,47.55,0.855,29.55,80.45,50.05,18.55,20.1,754.5,-0.6,0,19.4,22.75
2024/6/28 5:00,38.85,1.01,27.15,89.45,37.25,11.75,18.4,754.6,0,1,18.2,20.35
2024/6/28 8:00,42.3,0.89,25.9,108.4,41.75,17.85,26.4,754.6,0,5,13.5,16.85
2024/6/28 11:00,44,0.925,16.45,132.65,45.2,12.05,30.2,753.5,-1,5,12.6,15.7
2024/6/28 14:00,55.6,0.64,14.4,162.3,32.2,9.15,31.6,752.2,-1.4,5,14.3,11.6
2024/6/28 17:00,53.4,0.56,15.6,157.45,31.05,7.95,30.8,751.5,-0.6,5,14.8,13.05
2024/6/28 20:00,44.75,0.595,21.75,141.7,34.45,7.45,27,751.9,0.3,2,15.4,15.25
2024/6/28 23:00,35,0.56,23.1,106.35,31.3,11.65,24.4,753,1.2,2,13,15.25
2024/6/29 2:00,43,0.71,27.55,84.7,42.7,32.7,21.7,752.2,-0.9,2,10.5,14.25
2024/6/29 5:00,34.85,0.685,21.9,98.3,32.8,19.45,21.4,752.5,0.4,2,13.6,13.75
2024/6/29 8:00,33.9,0.84,20.55,96.55,29.95,14.1,25.2,752.8,0.2,3,16.4,11.9
2024/6/29 11:00,37.7,0.535,11.2,119.1,24.05,9.1,29.3,751.8,-0.9,4,17.2,9.7
2024/6/29 14:00,44.15,0.515,10.85,137.8,22.27777778,7.25,31.4,750.4,-1.4,4,16.9,9.85
2024/6/29 17:00,37.75,0.445,10.25,119.55,21.42857143,6.85,30.7,749.2,-1.3,3,17.4,8.45
2024/6/29 20:00,28.75,0.515,16.45,90.35,20.35,16.1,27,749.5,0.4,1,18.6,9.8
2024/6/29 23:00,33.55,0.62,33.5,56.25,31.45,13.35,21.8,748.6,-1,1,19,16.05
2024/6/30 2:00,32.9,0.585,36.1,46.3,31.9,7.2,21.5,748.1,-0.3,1,19.2,14.5
2024/6/30 5:00,33.05,0.64,45.5,24.8,32.35,6.75,19.9,747.8,-0.4,1,19.6,14.85
2024/6/30 8:00,36.55,0.775,35.2,60.6,36.7,8.45,26.3,747.8,0.1,2,19.9,17.25
2024/6/30 11:00,36.25,0.54,14.3,115.35,20.75,6.1,29.3,747.8,-0.1,2,19.6,12.7
2024/6/30 14:00,44.25,0.53,10.5,140,17.25,5.3,31,746.9,-0.8,2,18.4,10.7
2024/6/30 17:00,38.7,0.575,15.8,122.5,24,5.35,28.2,747.7,0.7,3,19.7,14.1
2024/6/30 20:00,39.75,0.57,18.75,125.85,20.75,5.1,26,749.6,1.9,3,19.4,13
2024/6/30 23:00,34.85,0.555,18.15,110.05,19.9,4.9,24.3,750.7,1,3,19.4,11.3
2024/7/1 2:00,39.85,0.63,25.15,55.2,38.6,5.4,22.6,751.2,0.6,3,18.6,20.8
2024/7/1 5:00,42.8,0.63,33.4,47.4,33.5,5.9,22.4,752.5,1.2,2,16.9,27.1
2024/7/1 8:00,60.25,0.775,28.35,66.25,56.35,6.2,24.1,753.3,0.9,4,14.8,40.7
2024/7/1 11:00,58.65,0.715,21.75,108.2,62.05,6.6,27.3,753.6,0.3,4,15.7,40.25
2024/7/1 14:00,52.05,0.61,12.6,151.65,46.3,6,29.3,752.8,-0.8,4,12.7,32.75
2024/7/1 17:00,68.05,0.685,17.5,172.85,66.4,6.25,28.2,752.8,-0.1,4,13.3,40.55
2024/7/1 20:00,53,0.66,24.65,133.95,52.65,6.25,25.1,753.7,1,3,13.6,35.45
2024/7/1 23:00,61,0.705,31.75,96.7,62.95,7.5,23.3,754,0.3,2,12.9,43.45
2024/7/2 2:00,64.65,0.76,36.05,88.9,64.75,7.25,21.2,753.7,-0.3,2,13.4,46.4
2024/7/2 5:00,71.3,0.8,43.2,76.95,65,8.8,20.4,753.8,0.1,2,13.6,51.8
2024/7/2 8:00,60.3,0.92,34.35,90.45,60.35,12.5,23.4,754,0.2,2,14.9,42.6
2024/7/2 11:00,56.95,1.085,35.75,103.7,61.1,10.35,25.8,753.7,-0.4,2,16.6,37.2
2024/7/2 14:00,46.05,0.915,24.55,123.4,45.45,8.7,26.5,752.2,-1.4,2,18.4,29.75
2024/7/2 17:00,45.65,0.845,33.3,79.35,45.9,5.45,23.7,751.2,-1.1,2,22,26.05
2024/7/2 20:00,35,0.895,26.6,51.65,32.5,4.65,22.9,748.7,-2.4,3,21.5,22.65
2024/7/2 23:00,29.1,0.65,13.15,73.1,24.8,4.5,20.6,746.3,-2.4,4,20.6,19.65
2024/7/3 2:00,18.22222222,0.595,10.7,57.35,10.42857143,4.25,20.8,743.2,-3.1,3,20.8,8.45
2024/7/3 5:00,16.27777778,0.75,13.55,49.9,12.14285714,4.65,20.6,743,-0.2,2,20.6,7.85
2024/7/3 8:00,18.16666667,0.675,14.45,57.15,8.571428571,4.55,19.6,745.3,2.2,5,19.6,7.1
2024/7/3 11:00,30.27777778,0.54,12.7,95.5,12.27777778,4.95,18.9,748.9,3.6,6,18.9,8.5
2024/7/3 14:00,31.66666667,0.535,14.65,100.55,20.77777778,5.8,22.1,750.7,1.8,4,17.9,11.9
2024/7/3 17:00,32.33333333,0.538888889,14.95,103.25,19.11111111,6.15,23.6,752.1,1.4,4,18.9,12
2024/7/3 20:00,38.55555556,0.555,13.9,122.25,31.75,5.555555556,22,753.1,1,4,17.6,17.15
2024/7/3 23:00,40.8,0.9,14.95,122.95,37.75,5.75,20.7,753.9,0.8,4,18.1,22
2024/7/4 2:00,55.15,0.91,13.4,115.05,55.5,5.4,20.1,754,0.1,4,19.3,33.4
2024/7/4 5:00,57.2,0.935,12.1,118.15,56.65,5.7,20.2,754.3,0.3,3,19.7,37.15
2024/7/4 8:00,66.6,1.485,22.55,108.6,64.5,8,22.2,754,-0.3,3,18.8,46.95
2024/7/4 11:00,44.35,1.195,16.95,142,33.94444444,9.6,26.5,753.2,-0.7,4,17.6,24.6
2024/7/4 14:00,51,0.805,11.75,155.5,23.94444444,8.15,29.2,751.3,-2,3,16.7,15
2024/7/4 17:00,50.65,0.855,17.5,154.8,31.75,6.85,26.8,750.5,-0.7,3,19.9,17.95
2024/7/4 20:00,41.9,0.845,21.75,117.65,38.85,7.35,23.9,750.1,-0.4,2,18.1,26.9
2024/7/4 23:00,54.85,0.905,20.15,103.9,55.25,5.6,22.4,750.6,0.5,3,19.2,36.25
2024/7/5 2:00,50.3,0.735,13.5,104.3,51,4.85,20.6,749.6,-1,4,19.8,32.4
2024/7/5 5:00,40.1,0.87,11.2,99.35,37.5,4.7,20.8,750.1,0.4,4,18.7,26.45
2024/7/5 8:00,38.65,1.055,18.3,93.3,35.55,5.05,22.1,750.3,0.3,5,19.1,26.7
2024/7/5 11:00,49.1,1.14,14.8,115.5,47.65,5,25,749.9,-0.4,5,20.7,32.5
2024/7/5 14:00,50,1.06,13.5,154.65,44.9,4.85,28,749.2,-0.7,4,20.3,32.75
2024/7/5 17:00,53.1,1.01,14.5,159.9,43.35,4.9,27.9,749.1,-0.1,4,19.9,31.2
2024/7/5 20:00,57.6,0.91,18.05,154.2,57.7,4.3,25.8,749.6,0.5,4,21.2,39.9
2024/7/5 23:00,63.95,0.99,14.6,163.85,63.55,4.05,24.2,749.7,0.1,3,22.1,42.45
2024/7/6 2:00,69.5,1.18,19.4,110.7,78.2,5.65,22.6,749.6,-0.1,1,22.6,47.25
2024/7/6 5:00,55.2,1.17,23.6,75.3,55.2,5.3,22.1,748.6,-1.1,1,22.1,36.7
2024/7/6 8:00,26.6,0.745,25.05,83.05,22.2,4.65,22.6,748.5,0,1,22.6,16.55
2024/7/6 11:00,25.05,0.895,23.75,77.9,18.5,3.85,22.3,748.3,-0.3,1,22.3,13.4
2024/7/6 14:00,29.85,0.705,15.25,93.75,11.4,3.85,23,746.6,-1.6,2,22,9
2024/7/6 17:00,28.45,0.685,17.2,89.75,14.25,3.6,23.5,746.5,-0.1,3,20.6,9.45
2024/7/6 20:00,30.75,0.71,14.7,96.4,11.6,3.6,22.6,748.1,1.6,1,20.5,8.45
2024/7/6 23:00,25.1,0.765,16.25,76.8,18.25,3.75,22,749.2,1,2,22,13.25
2024/7/7 2:00,28.45,0.695,11.5,81.2,21.7,3.75,21.3,749.8,0.7,2,21.3,15.85
2024/7/7 5:00,27.85,0.66,14.6,79.55,20.75,4.05,20.8,750.1,0.3,1,20.8,14.3
2024/7/7 8:00,25.45,0.735,18.55,79.75,19.75,4.9,23.1,751.2,1.1,2,21.4,15.2
2024/7/7 11:00,32.5,0.68,15.55,102.3,20.6,4.8,26.2,751.7,0.5,2,21,13.4
2024/7/7 14:00,34.55,0.68,15.8,106.15,23.35,4.6,27.4,751.3,-0.4,2,21.4,15.2
2024/7/7 17:00,33.35,0.655,14.4,102.7,29.45,3.7,27,751.6,0.2,2,21.1,20.65
2024/7/7 20:00,37.1,0.74,27.25,69.65,36.05,3.75,23.7,751.9,0.3,1,22.5,23.75
2024/7/7 23:00,50.5,0.885,48.6,28.8,52.4,3.35,22.7,752.1,0.3,0,22.7,32.5
2024/7/8 2:00,46.75,0.735,19.1,81.9,44.45,3.25,22,752.2,0.1,2,22,29.5
2024/7/8 5:00,39.9,0.735,14.8,73.9,38.8,3.2,21.3,752.2,-0.1,1,21.3,27
2024/7/8 8:00,38.85,0.82,29.75,74.4,32.7,3.15,21.7,752.4,0.3,1,21.7,26
2024/7/8 11:00,42.525,0.915,39.7,65.525,35.875,3.7,22.4,752.7,0.2,1,22.4,28.975
2024/7/8 14:00,46.2,1.01,49.65,56.65,39.05,4.25,24.6,752.2,-0.5,1,21.7,31.95
2024/7/8 17:00,42.7,0.925,28.2,85.7,35.35,3.4,21.8,752.4,0.2,1,21.8,29.55
2024/7/8 20:00,54.4,1.055,42.3,39.2,46.85,3.85,21.8,753.4,1,0,21.8,37.2
2024/7/8 23:00,54.35,1.01,34.15,32.95,47.65,3.85,21.6,753.8,0.4,1,21.6,37.55
2024/7/9 2:00,46.65,0.785,23.5,50.15,43.65,4.1,20.6,753.3,-0.5,2,17.8,29.85
2024/7/9 5:00,45.55,0.74,28.4,43.45,43.75,5.3,19.2,753.9,0.6,2,16.6,28.4
2024/7/9 8:00,37.9,0.745,26.5,56.55,36.4,6.75,24.1,754.8,0.9,2,17.8,26.3
2024/7/9 11:00,36.7,0.59,15.3,98.75,35.2,5.4,26.9,753.8,-0.9,4,16.2,23.3
2024/7/9 14:00,41.95,0.6,11.05,132.9,35.1,5,28.9,753.4,-0.5,2,17.1,23.4
2024/7/9 17:00,45.6,0.62,13.35,142.75,34.65,4.7,28.5,752.5,-0.9,3,17.1,22.8
2024/7/9 20:00,42.5,0.66,22.1,110.65,39.45,4.45,25.3,752.4,0,2,17.8,25.2
2024/7/9 23:00,46.15,0.72,33.3,63.9,44.3,5.95,21.9,752.6,0.2,1,18.5,29.1
2024/7/10 2:00,49.95,0.695,37.35,36,47.6,5.25,19.3,752.6,0,1,18.6,31.15
2024/7/10 5:00,48.1,0.69,42,17.1,45.5,5,17.6,752.8,0.1,1,17.6,32.3
2024/7/10 8:00,46.44444444,0.895,35.55,49.25,43.95,6.944444444,24.4,752.8,0,2,19.2,31.6
2024/7/10 11:00,41.88888889,0.705,15.55555556,115.55,39.2,6.85,29,752,-0.7,3,16.9,26.7
2024/7/10 14:00,46.4,0.605,11.75,144.95,39.4,5.45,31,751.4,-0.6,2,18,29.55
2024/7/10 17:00,49.45,0.64,15.85,143.05,42.85,5.05,30.1,750.8,-0.6,3,19.5,32.05
2024/7/10 20:00,59.9,0.77,27.75,106.2,59.7,5.15,26.9,751.4,0.6,2,20,41.3
2024/7/10 23:00,65.95,0.875,41.6,57.85,66.75,4.95,22.4,751.6,0.2,0,21.7,47.35
2024/7/11 2:00,66.25,0.87,46.35,22.65,72.4,4.85,19.8,751.6,-0.1,1,19.8,47.1
2024/7/11 5:00,64.05,0.995,46.6,5.85,70.1,10,19.3,751.7,0.2,1,19.3,44.7
2024/7/11 8:00,76.95,1.33,45.15,27.1,90.4,12.6,23.7,751.9,0.2,2,22,56.9
2024/7/11 11:00,80.55,1.07,36.1,107.65,92.15,13.35,28.4,751.6,-0.4,2,21.7,58.5
2024/7/11 14:00,86.95,1.015,25.2,186.4,79.05,8.35,30.5,750.8,-0.7,2,21.3,53.75
2024/7/11 17:00,90.75,1.02,21.65,194.85,72.85,6.5,30.1,749.7,-1.1,1,22,45.4
2024/7/11 20:00,72.75,1.03,41.7,127.25,76.35,6.35,24.7,750.7,1,0,21.4,52.5
2024/7/11 23:00,82.2,1.03,55.15,60.05,87.15,4.8,23,751,0.3,1,22.7,60.4
2024/7/12 2:00,77.8,1,52.7,31.05,88.5,4.5,21.8,751,-0.1,1,21.8,56.7
2024/7/12 5:00,73.4,0.99,46.8,14.7,80.8,4.6,21.3,751.4,0.5,1,21.3,53.45
2024/7/12 8:00,70.25,1.165,45.5,54.45,77.7,13.05,26,751.6,0.1,1,22.5,51.15
2024/7/12 11:00,75.95,1.48,23.45,177.55,71.7,12.6,29.8,751.1,-0.4,2,20.9,44
2024/7/12 14:00,118.3,1.355,15.25,236.15,62.55,7.55,31.6,750.5,-0.6,2,19.9,41.5
2024/7/12 17:00,114.8,1.215,19.35,229.1,65,6.5,31.2,750.7,0.2,3,19.5,39.1
2024/7/12 20:00,72.2,1.09,34.9,167.4,72.85,6,27.1,752.2,1.4,1,20,44.75
2024/7/12 23:00,72.4,0.985,38.65,103.25,80,5.5,23.8,752.4,0.3,1,21.3,52.65
2024/7/13 2:00,63.65,0.95,39.05,62.85,73.55,9,21.4,752.6,0.2,1,21.4,45.35
2024/7/13 5:00,66.7,1.105,45.4,22.8,73.5,8.65,20.8,753.4,0.8,1,20.8,48.35
2024/7/13 8:00,62.95,1.315,35.35,60.25,68.85,7.35,26.3,754.2,0.8,1,21.5,43.85
2024/7/13 11:00,58,1.085,16.95,159.4,55.35,5.65,29.6,754.2,0,2,20.7,34.95
2024/7/13 14:00,80.05,1.05,13.85,182.2,51.2,5.6,31.7,754,-0.3,2,20.3,34.9
2024/7/13 17:00,65.4,0.91,14.7,171.95,38.8,6.15,31.4,753.9,0,2,18.7,24.45
2024/7/13 20:00,54.45,1.03,30.95,135.95,54.15,4.95,26.4,755.3,1.4,1,21.6,34.1
2024/7/13 23:00,63.65,1.07,51.05,78.75,70.45,4.55,23.8,756.1,0.7,0,23.3,44.8
2024/7/14 2:00,64,0.955,50.3,42.4,70.95,4.55,22.4,756.6,0.6,0,22.4,43.2
2024/7/14 5:00,60.6,1.085,57.2,21.1,66.65,4.55,21.6,757,0.3,1,21.6,40.95
2024/7/14 8:00,66.16666667,1.285,42.95,50.5,72,7.3,26.8,757.9,1,1,22.9,46.85
2024/7/14 11:00,60.94444444,1.23,17.65,166.05,57,6.333333333,31.2,757.3,-0.6,2,22,34.4
2024/7/14 14:00,97.77777778,0.988888889,15.4,188.65,47.71428571,5.8,33.1,756.7,-0.6,2,19.6,39.8
2024/7/14 17:00,80,0.92,17.95,186.1,47.6,5.15,30.3,756.7,-0.1,1,22.5,31.9
2024/7/14 20:00,53.1,1.115,44.95,97.2,54.6,4.4,26.3,757.4,0.8,1,23,33.5
2024/7/14 23:00,68.35,1.295,64.6,35.25,76.8,4.45,24.6,757.7,0.3,1,24.4,46.85
2024/7/15 2:00,68.65,1.16,53.65,28.35,82.65,9.25,23.7,758.2,0.5,1,23.5,46.85
2024/7/15 5:00,66.85,1.385,41.6,25.2,73.8,6.15,22.4,758.7,0.5,1,22.4,45.65
2024/7/15 8:00,62.5,1.885,44.7,42.15,69.8,7.3,27.7,758.8,0.1,2,23.7,43.85
2024/7/15 11:00,55.65,0.95,15.05,130.4,55.55,7,31,758.1,-0.7,3,20.9,37.95
2024/7/15 14:00,51.15,0.685,11.25,134.65,50.05,6,32.2,757.3,-0.9,4,19.8,31.95
2024/7/15 17:00,55.8,0.805,13.2,154.3,54.6,5.1,31.5,756.1,-1.1,2,21.4,38.6
2024/7/15 20:00,58.25,0.845,20.7,125.9,59.5,5.9,28.4,756.7,0.5,2,21.9,38.95
2024/7/15 23:00,44.15,0.67,26.1,63.2,45.35,8.25,24.6,757,0.4,1,21.9,26.65
2024/7/16 2:00,39.6,0.715,24.65,51.1,39.6,9.95,22,756.4,-0.6,0,22,22.85
2024/7/16 5:00,31.6,0.68,24.5,55.95,31.4,12.75,22.2,756.4,0,1,22.2,17.65
2024/7/16 8:00,30.05,0.75,20.65,69.1,30.2,7.85,28.9,755.9,-0.5,3,22.6,16.25
2024/7/16 11:00,35.25,0.625,11.4,107,30.8,6.2,30,755,-0.9,5,21.1,15
2024/7/16 14:00,33.75,0.55,9.6,101.5,30.35,5.65,30.7,754,-1.1,4,21.5,15.9
2024/7/16 17:00,29.05,0.53,11.9,91.4,19.55,5.9,29.7,752.8,-1.2,3,20.8,9.45
2024/7/16 20:00,24.05,0.705,19.7,67.5,20.4,5.15,26.4,753.1,0.3,2,22.5,9.8
2024/7/16 23:00,19.65,0.715,18.9,55.5,15.9,7.6,24.8,752.8,-0.3,1,23.4,7.05
2024/7/17 2:00,22.8,0.575,15.4,65.15,19.35,9,24.6,752.2,-0.5,2,21.5,8.85
2024/7/17 5:00,22.65,0.62,18.15,59.8,18.45,13.35,23.4,751.6,-0.7,1,23.4,8.55
2024/7/17 8:00,14.25,0.785,23.5,41.95,11.15,4,24.1,750.8,-0.7,2,24.1,5.2
2024/7/17 11:00,16.5,0.766666667,25.33333333,40.3,13,4.45,24.4,750.4,-0.4,3,24.4,6.3
2024/7/17 14:00,32.8,0.67,11.85,103.05,20.7,3.9,28.7,749.5,-0.9,4,22.9,12.7
2024/7/17 17:00,43.5,0.515,11.5,137.55,13,5.3,30.1,749.5,0.1,3,19.2,8.55
2024/7/17 20:00,35.6,0.595,22.45,111.8,24.5,5.05,24.4,750,0.4,1,21.9,14.75
2024/7/17 23:00,36.9,0.68,33,69.3,36.7,7.75,22,749.9,-0.1,1,22,21
2024/7/18 2:00,44.65,0.83,31.5,43.7,43.25,9.35,20.9,749.3,-0.6,0,20.9,27.2
2024/7/18 5:00,45.5,1.075,31.9,35.55,43.85,10,20.6,749.4,0.1,1,20.6,24.85
2024/7/18 8:00,46.25,1.395,32.25,52.8,46.35,14.7,25.3,748.9,-0.5,2,23.4,27.35
2024/7/18 11:00,36.25,0.995,19.75,115,24.1,8.55,29.5,748.2,-0.7,3,21.2,15.6
2024/7/18 14:00,73.95,1.035,14,179.65,31.9,7,31.3,747.5,-0.6,3,22,19.3
2024/7/18 17:00,69.2,0.94,16.2,173.6,29.6,6.15,30,747.4,-0.3,4,20,17.05
2024/7/18 20:00,63.65,1.2,20.1,168.6,43,5.55,27.3,748.4,1.2,2,20.4,23.95
2024/7/18 23:00,91.35,1.05,16.65,194.35,56.55,4.9,25.9,748.9,0.5,3,22,34.35
2024/7/19 2:00,60.2,1.315,26.2,107.2,67.9,14.5,21.8,748.8,-0.2,1,21.8,37.65
2024/7/19 5:00,47.5,1.25,28.5,76.45,49.5,7,21.5,749.2,0.4,1,21.5,28.4
2024/7/19 8:00,39.45,0.995,21.05,122,30.85,8,28,749.4,0.2,3,21.1,19.65
2024/7/19 11:00,55.05,0.83,13.55,160.05,39.5,7.7,30.8,749.2,-0.2,4,22.1,24
2024/7/19 14:00,56.6,0.755,13.3,162.9,30.45,6.5,32.6,748.7,-0.4,4,23,16.1
2024/7/19 17:00,49.85,0.745,14.25,153.4,34.4,5.95,31.4,749.2,0.4,4,21.9,16.05
2024/7/19 20:00,35.6,0.82,17.8,112.6,30.15,6.3,26.9,750.2,1.1,3,21.7,16
2024/7/19 23:00,41.95,0.775,13.7,123,38.65,9.1,25.6,750.4,0.2,2,21.7,22.7
2024/7/20 2:00,43.45,0.82,13.95,121.8,43.15,3.9,23.9,751,0.6,1,23,23.5
2024/7/20 5:00,37.35,0.915,13.3,96,36.3,3.9,24.1,750.9,-0.2,3,24.1,18.5
2024/7/20 8:00,39.35,0.66,16.7,124.9,11.9,3.8,22.1,752.5,1.5,5,22.1,6.75
2024/7/20 11:00,32.3,0.635,19.25,101.45,8.75,4.4,24.6,751.6,-0.8,1,23.7,4.3
2024/7/20 14:00,28.35,0.705,16.3,87.05,14.8,4.3,27,750.4,-1.3,2,23.5,4.2
2024/7/20 17:00,22.55,0.745,17.4,69.15,14,4.15,26.3,749.6,-0.7,1,24.3,4.45
2024/7/20 20:00,21.2,0.695,21,55.55,15.8,5.8,24.5,750,0.4,2,22.2,5.6
2024/7/20 23:00,24.1,0.6,20.1,73.4,16.85,8.25,23.1,750.4,0.4,2,19.3,6.4
2024/7/21 2:00,26.1,0.57,24.05,67.65,20.1,17.05,20.4,750.3,-0.1,1,19.9,7.4
2024/7/21 5:00,23.7,0.86,29.45,51.1,22.9,10.35,19,750.7,0.4,1,19,9.55
2024/7/21 8:00,27.9,1.62,36.05,51.6,26.6,7.6,24.1,751.4,0.7,1,20.8,11.35
2024/7/21 11:00,47.4,0.99,16.15,136,43.65,6.25,30,751.3,-0.2,3,24.6,24.2
2024/7/21 14:00,88.6,1.195,14.2,191.35,46.85,4.2,32,750.4,-0.8,4,25.6,22.2
2024/7/21 17:00,39.8,0.655,14.35,125.65,23.45,4.6,30.2,750.7,0.3,3,23.1,12.6
2024/7/21 20:00,39.4,0.905,21.4,83.65,39.4,5.2,26.8,751,0.2,1,24.1,21.7
2024/7/21 23:00,35.95,0.785,19.7,77.75,35.95,8.45,24.5,751.6,0.7,0,23.6,20
2024/7/22 2:00,32.7,0.725,14.35,92.4,31.4,8.3,25.5,752.2,0.6,2,21.4,17.15
2024/7/22 5:00,27.2,0.78,14.8,76.1,24.9,4.7,23.7,751.2,-1,1,23.7,13.35
2024/7/22 8:00,25.15,0.695,12.2,77.8,15.7,4.3,29.6,750.4,-0.8,3,24.5,8.95
2024/7/22 11:00,25.95,0.69,11.75,80.55,20.5,4.65,28.6,749.4,-1,3,24,8.6
2024/7/22 14:00,28.95,0.72,16.3,75.85,25.65,3.95,27.8,748.6,-0.8,1,26,13.2
2024/7/22 17:00,25.75,0.685,15.6,73.9,20.5,4.05,28.3,747.5,-1,2,24.3,10
2024/7/22 20:00,18.4,0.67,22.45,54.95,16.05,3.9,26.8,748.2,0.6,1,24.1,8.95
2024/7/22 23:00,22.45,0.7,26.1,42.7,21.25,4.4,25.5,748.7,0.6,2,24.6,10.65
2024/7/23 2:00,42.9,0.75,14.6,64.85,38.6,3.95,24.9,748.6,-0.1,1,24.9,23.45
2024/7/23 5:00,34,0.905,18.85,53.35,31.9,4.65,24.5,748.9,0.2,1,24.3,19.65
2024/7/23 8:00,24.2,0.995,23.05,68,23.8,5,27.1,749.1,0.2,2,23.6,13.6
2024/7/23 11:00,49,1.25,20.4,99.45,48.85,3.9,29.2,748.4,-0.6,3,23.9,27.05
2024/7/23 14:00,41.25,0.8,12.6,130.6,25.1,4.15,30.5,748.9,0.4,3,24.4,16.25
2024/7/23 17:00,36.55,0.66,14.9,115.4,26.25,3.6,29.3,748.6,-0.2,2,24.2,14.3
2024/7/23 20:00,30.7,0.595,17.3,91.05,22.65,3.6,24.6,749.5,0.7,1,24.3,11.75
2024/7/23 23:00,25.55,0.725,19.5,57.6,23.75,3.45,24.9,749.8,0.5,2,24.9,13.05
2024/7/24 2:00,24.75,0.675,14.35,78.05,16.85,3.25,23,749.8,0,1,23,9.2
2024/7/24 5:00,24.65,0.8,14.2,76.7,12.95,3.55,22.6,750.6,0.7,1,22.6,7.3
2024/7/24 8:00,24,0.785,20.8,73.25,20.1,3.4,24.5,751.5,0.9,2,24.5,11.95
2024/7/24 11:00,33.95,0.68,15.45,107.85,14.35,3.95,28.8,751.2,-0.3,2,23,6.15
2024/7/24 14:00,44.35,0.675,15.45,135.8,17.1,3.95,28.4,751,-0.2,2,24.6,6.45
2024/7/24 17:00,36.75,0.735,15.85,116.1,14.7,3.65,28.2,750.6,-0.4,2,24.2,9
2024/7/24 20:00,35.7,0.785,25.6,91.5,28.45,3.45,26.7,751.2,0.6,1,26.5,15.4
2024/7/24 23:00,36.85,1.22,24.9,65.05,30.8,3.15,24.7,751.7,0.5,0,24.7,24.65
2024/7/25 2:00,28.75,1.31,28.55,20.6,25.3,3.2,24.1,750.4,-1.3,1,24.1,16.65
2024/7/25 5:00,23.6,1.06,25.35,19.15,22.25,3.25,24.3,751,0.5,1,24.3,12.35
2024/7/25 8:00,25.45,1.25,32.8,27.95,23.25,4.25,25,751.6,0.7,2,25,12.85
2024/7/25 11:00,27.25,0.775,24.75,83.05,11.3,3.65,24.9,751.6,0,2,24.9,7.55
2024/7/25 14:00,21.65,0.755,25.55,67.4,11.05,3.35,24.7,751.5,-0.1,1,24.7,6.5
2024/7/25 17:00,21.8,0.665,21.05,65.65,11.3,3.2,24.4,751.9,0.3,1,24.4,6.85
2024/7/25 20:00,22.3,0.77,38.3,33.55,14.45,3.25,24.2,752.4,0.6,1,24.2,10.45
2024/7/25 23:00,21.45,0.57,12.45,66.75,10.1,3.5,22.7,753.2,0.8,1,22.7,3.6
2024/7/26 2:00,20.9,0.465,11.2,65.25,7.2,3.25,22.2,753.5,0.3,2,22.2,3
2024/7/26 5:00,17.4,0.515,12.15,54.3,7.05,3.25,22.1,753.8,0.3,1,22.1,3
2024/7/26 8:00,16.6,0.925,23.3,43.1,10.2,3.25,23,754.2,0.4,1,23,3
2024/7/26 11:00,15.45,0.635,18.5,46.1,7,3.4,23.7,754.1,-0.2,2,23.7,3
2024/7/26 14:00,19.7,0.685,20.75,61,7.15,3.15,23.8,753.9,-0.2,2,23.8,3
2024/7/26 17:00,21.45,0.775,21.55,67.25,7.3,3.7,22.8,754,0.1,2,22.8,3
2024/7/26 20:00,19.65,0.965,25.55,56,9.2,4,22.9,755,1,1,22.9,4.75
2024/7/26 23:00,17.55,0.78,27.45,29.35,11.2,6.6,22.4,755.6,0.6,0,22.4,6.45
2024/7/27 2:00,25.05,0.945,27,19.15,20,5.2,22.5,756.4,0.8,1,22.5,11.05
2024/7/27 5:00,23.95,1.12,23.95,23.1,18.5,5.45,22.9,756.7,0.3,0,22.9,11.4
2024/7/27 8:00,20.7,1.26,24.9,18.3,18.85,7.3,25.1,757,0.3,1,25.1,8.8
2024/7/27 11:00,11.45,0.815,18.2,28.65,11.45,5.4,26.3,757.6,0.6,2,26.3,5.65
2024/7/27 14:00,11.35,0.6,14.65,33.45,7.7,3.7,25.7,757.3,-0.3,2,25.7,4.05
2024/7/27 17:00,11.6,0.665,19.3,32.9,8.6,3.8,26.2,756.6,-0.6,1,26.2,4.2
2024/7/27 20:00,10.85,0.68,19.35,23.3,7.5,3.8,24.8,757,0.3,0,24.8,4.2
2024/7/27 23:00,11.95,0.885,22.05,16,10.6,4.05,24.4,756.7,-0.3,0,24.4,4.5
2024/7/28 2:00,12.2,0.855,19.9,14.75,10.4,4.3,24.2,755.3,-1.3,1,24.2,4.8
2024/7/28 5:00,12.2,0.72,15.4,21.7,11.7,4.25,24.4,754.7,-0.6,1,24.4,4
2024/7/28 8:00,11.7,0.935,17.85,22.1,9.55,3.45,25.4,753.7,-1.1,1,25.4,4.75
2024/7/28 11:00,11.85,0.745,18.25,18.3,10.65,3.45,26.2,752.5,-1.2,1,26.2,4.65
2024/7/28 14:00,10.35,0.765,13.9,26.6,7.1,3.3,25.4,750.7,-1.8,2,25.4,4
2024/7/28 17:00,11.05,0.63,15.55,28.9,6.55,3.3,25.5,750.8,0.2,3,25.5,4
2024/7/28 20:00,19.6,0.64,13.7,52.45,14.45,2.9,26.2,752.6,1.8,3,26.2,8
2024/7/28 23:00,28.45,0.89,9.6,70.3,22.3,3.15,25.9,753.8,1.2,3,25.9,14.45
2024/7/29 2:00,27.9,1.025,14.75,38.45,27.7,3.75,25.3,753.7,-0.1,3,25.3,15.75
2024/7/29 5:00,27.6,1.125,14.5,35.85,26.2,3.9,25.2,753.7,0,2,25.2,15.15
2024/7/29 8:00,23.8,1,18.55,40.85,21.7,5.85,27.3,754,0.3,3,25.3,15.2
2024/7/29 11:00,32,0.98,15.25,60.15,30.25,3.65,28.8,753.7,-0.4,5,25.8,20.15
2024/7/29 14:00,29.9,0.725,14.15,85.75,27.15,3.2,30.8,752.8,-0.7,3,25.6,19.1
2024/7/29 17:00,32.5,0.715,14.15,102.5,23.75,3.05,31.2,752.5,-0.3,3,25.3,15.55
2024/7/29 20:00,32,0.755,25.05,67.45,31.55,2.9,28.1,753.3,0.7,1,26.1,17.85
2024/7/29 23:00,47.75,0.885,20.4,58.4,46.7,3.2,26.9,753.4,0,2,26.9,26.95
2024/7/30 2:00,55.55,0.975,12.6,81.25,54.8,2.9,26.1,753.2,0,3,26.1,34.35
2024/7/30 5:00,48.35,0.97,11.95,68.55,48.15,2.95,25.9,753.7,0.5,1,25.9,28.8
2024/7/30 8:00,38.55,0.925,15.1,72,35.65,2.95,27.7,754,0.2,2,25.9,25.6
2024/7/30 11:00,49,1.545,20.2,86.05,44.7,4.9,29,753.5,-0.5,1,25.2,30.9
2024/7/30 14:00,37.6,1.315,20.2,103.1,36,4.45,29.6,753.4,-0.2,2,25.6,22.7
2024/7/30 17:00,38.5,1.325,21.25,111.35,37.75,4.15,29.3,752.6,-0.7,1,25.3,22.9
2024/7/30 20:00,37.6,1.11,27.25,72.7,36.35,3.8,26.6,752.3,-0.3,0,26.6,23.25
2024/7/30 23:00,29.4,0.89,24.5,35.6,27.35,3.9,25.2,751.9,-0.4,1,25.2,18.8
2024/7/31 2:00,27.15,0.81,17.5,47.4,25.65,4.45,24.5,750.5,-1.3,0,24.5,15.3
2024/7/31 5:00,28.45,0.75,11.15,78.4,25.15,4.65,26.4,750,-0.6,2,25.7,15.55
2024/7/31 8:00,25.7,0.63,13.25,79.65,18.45,4.5,28.1,749.1,-0.9,3,24.1,12.45
2024/7/31 11:00,27.27777778,0.585,11.11111111,83.7,20.55,4.388888889,29.4,749.4,0.3,4,24.1,11.05
2024/7/31 14:00,26.75,0.53,8.85,84.05,20.25,4.4,30.9,748.8,-0.6,4,24.8,9.55
2024/7/31 17:00,23.7,0.53,10.35,74.15,17.55,4.4,30.7,748.1,-0.6,5,24.4,8.75
2024/7/31 20:00,21.95,0.525,11,66.75,16.75,4.35,28,748.4,0.3,2,24.4,9.6
2024/7/31 23:00,26.3,0.58,10.65,73.7,20.15,4.65,25.8,749.5,1,4,25.8,9.05
2024/8/1 2:00,24.4,0.565,9.1,76.75,14.15,4.9,25.4,748.2,-1.3,3,25.4,7.1
2024/8/1 5:00,24.8,0.545,9.35,77.35,15.75,4.8,25.5,748.6,0.4,2,25.5,6.6
2024/8/1 8:00,21.55,0.685,19.2,67.75,11.9,6.45,26.9,748.9,0.4,1,24.9,7.7
2024/8/1 11:00,24.85,0.78,20.7,74.5,20.6,6.65,27.8,749.1,0.1,2,27.5,11.95
2024/8/1 14:00,34.9,0.74,14.2,107.15,24.25,4.4,27.5,748.9,-0.1,3,26.6,14.95
2024/8/1 17:00,33.5,0.735,15.1,104.8,23.05,4.55,28.6,748.8,-0.2,3,25.2,13.5
2024/8/1 20:00,36.5,0.85,29.9,68.75,32.1,6.45,26.2,750.1,1.2,1,26.2,18.8
2024/8/1 23:00,31.9,0.83,27.65,54.05,27.8,6.25,25.9,750.1,0.2,1,25.9,20.85
2024/8/2 2:00,31.75,0.615,10.3,100.5,16.6,5,23.5,750.7,0.5,3,22.8,10.3
2024/8/2 5:00,26.45,0.63,13.8,83.2,14.9,4.8,22.3,750.3,-0.4,1,22.3,9.2
2024/8/2 8:00,26,0.795,23.75,78.75,19.3,6.05,26.1,751.3,0.9,2,23.6,11.1
2024/8/2 11:00,39.45,0.81,18.75,124.85,25,5.2,28.8,751.9,0.7,2,23.2,13.35
2024/8/2 14:00,51.9,0.68,13.9,149.3,20.85,4.45,30.9,751.6,-0.4,1,24.3,11.15
2024/8/2 17:00,35,0.67,15.65,110.05,21.8,4.75,28.7,752,0.5,1,25.5,14.8
2024/8/2 20:00,26.5,0.655,19.15,64.5,22.75,4.7,26.6,753.2,1.2,1,24.4,16.3
2024/8/2 23:00,29.65,0.755,30.35,36.65,28.15,4.9,24.3,754.6,1.4,1,24.3,17.6
2024/8/3 2:00,25.95,0.74,30,23.65,24.15,4.65,23.4,754.5,-0.1,1,23.4,16.25
2024/8/3 5:00,26.8,0.73,29.45,13.65,26.15,5.3,22.9,754.9,0.4,0,22.9,17.05
2024/8/3 8:00,45,2.09,34.4,26.1,37.7,6.75,25.7,755.4,0.5,1,25.7,24.1
2024/8/3 11:00,44.45,1.67,21.65,119.3,43.05,6.55,30.4,755.2,-0.2,1,25.5,26.05
2024/8/3 14:00,45.2,1.01,12.6,143.35,36.4,6.9,32.3,754.8,-0.4,3,23.8,21.9
2024/8/3 17:00,54.05,1.19,13.95,159.2,46.4,4.85,32,754.3,-0.6,3,25.1,25.6
2024/8/3 20:00,40.3,0.935,24.7,103.8,38.95,4.55,27.4,754.6,0.4,0,27.2,23.7
2024/8/3 23:00,50.9,1.075,28.75,76.8,51.9,5.5,26.1,755.4,0.8,0,26.1,29.9
2024/8/4 2:00,35.35,0.96,23.35,40.8,35.35,5.3,24.9,754.8,-0.6,0,24.9,19.75
2024/8/4 5:00,37.4,1.135,22.9,41.95,39.1,5.55,24,754.3,-0.5,0,24,24.4
2024/8/4 8:00,41.15,1.47,20.45,74,38.3,5.45,29.1,754,-0.3,2,25.5,26.6
2024/8/4 11:00,28.9,0.715,17.35,75.1,27.4,4.9,24.9,754.2,0.2,3,24.9,13.6
2024/8/4 14:00,25.75,0.69,19.15,60.55,25.25,5.65,25.5,753,-1.2,2,25.5,14.55
2024/8/4 17:00,19.75,0.795,18.05,59.65,16.55,5.4,24.7,751.8,-1.2,2,24.7,10.9
2024/8/4 20:00,15.25,0.7,24.65,39.6,13.25,7.1,24.2,752.5,0.6,1,24.2,8.5
2024/8/4 23:00,16.6,0.635,17.7,50.9,11.35,5.4,23.7,752.7,0.3,1,23.7,7.15
2024/8/5 2:00,16.55,0.67,21.9,34.55,13.8,6.7,23.7,752.8,0,1,23.7,6.6
2024/8/5 5:00,17.4,0.65,14.4,48.45,12.4,7.35,23.8,752.2,-0.5,1,23.8,5.85
2024/8/5 8:00,14.1,0.82,24.25,33.95,13.6,7.9,25.6,752.8,0.6,1,25.6,6.95
2024/8/5 11:00,21.7,0.69,14.15,61.9,15.5,6.9,28.7,752.8,-0.1,3,24.7,8.05
2024/8/5 14:00,30.6,0.825,12.85,95.4,17.85,5.65,30.3,752,-0.7,3,25.1,11.6
2024/8/5 17:00,30.85,0.68,13.65,97.15,17.7,5.5,27.6,752.5,0.4,2,27.1,11.5
2024/8/5 20:00,26,0.64,18.1,72.55,17.35,5.4,24.9,753.1,0.6,1,24.9,13.6
2024/8/5 23:00,22.4,0.84,19,60,16.75,11.05,24.2,754.1,1.1,1,24.2,12.55
2024/8/6 2:00,26.3,1.045,20.9,39.1,22,10.3,24.1,754.1,0,1,24.1,14.95
2024/8/6 5:00,29.95,0.87,20.9,42.95,26.85,6.75,24.2,754.9,0.7,1,24.2,15.1
2024/8/6 8:00,30.95,0.805,20.6,62.5,27.2,6.3,26.4,755.4,0.6,3,25,16.7
2024/8/6 11:00,35.45,0.79,13.05,110.9,21.2,6.1,30.3,754.9,-0.6,3,24.7,15.2
2024/8/6 14:00,38.75,0.67,10.75,123.05,21.25,5.35,31.9,754.1,-0.7,2,23.2,14.25
2024/8/6 17:00,39.05,0.715,14.75,118.6,26.6,5.2,31.1,753.7,-0.4,2,23,15.9
2024/8/6 20:00,31,0.74,26.75,84.3,28.65,5.25,26.5,754.4,0.7,1,24,18
2024/8/6 23:00,35.05,0.92,33.9,49.35,33.4,15.6,24.2,754.6,0.2,1,24.2,21.2
2024/8/7 2:00,36.4,1.145,27.15,43.25,35.95,11.6,23.5,754.7,0.1,1,23.5,20.85
2024/8/7 5:00,39.9,1.235,27.3,36.5,38.5,19.5,22.9,754.8,0.1,1,22.9,22.25
2024/8/7 8:00,36.95,1.3,24.35,73.8,34.95,15.5,27.5,754.7,-0.1,3,24.9,21.9
2024/8/7 11:00,43.8,1.185,15.4,120.55,43.5,8.15,30.1,754.3,-0.5,2,23.8,27.45
2024/8/7 14:00,47.4,0.99,12.2,146.65,37.75,6.15,31.7,753.1,-1.1,3,23,24.45
2024/8/7 17:00,43.2,0.935,14.8,136.25,35.9,5.65,30.5,752.9,-0.2,3,23.7,20.95
2024/8/7 20:00,37.2,0.82,21,101.15,36.75,5.75,27.9,753.4,0.5,2,23.9,21.55
2024/8/7 23:00,34.9,0.7,24.6,73.9,34.4,5.55,25,753.4,0,1,25,19.75
2024/8/8 2:00,45.25,0.96,26.4,51.85,45.8,11.4,23.3,753.6,0.2,1,23.3,25.65
2024/8/8 5:00,51.95,1.245,26.9,35.5,52.6,17.95,22.5,753.5,-0.1,0,22.5,29.6
2024/8/8 8:00,48.85,1.47,26.05,52.95,49.4,14.6,26.6,753.8,0.3,3,25.6,29.75
2024/8/8 11:00,47.65,1.155,13.5,125.9,48.15,5.8,29.4,754,0.1,2,23.1,26.7
2024/8/8 14:00,40.9,0.965,17,124.4,43.35,5.65,29.8,753,-0.9,3,23,25.8
2024/8/8 17:00,45.85,0.895,15.25,135,44.05,5.6,31.4,752.8,-0.3,2,23.8,25.5
2024/8/8 20:00,39.8,0.865,26.15,83.3,39.2,5.35,26.2,753.6,0.9,1,25.5,24.75
2024/8/8 23:00,49.5,1.03,51.95,28.2,50.65,5.4,23.6,754,0.3,1,23.6,31.75
2024/8/9 2:00,56.7,1.045,47.3,14.4,60.05,5.75,22.6,753.8,-0.1,0,22.6,36.55
2024/8/9 5:00,61.6,1.025,38.45,18.55,65.15,5.55,24.4,754,0.2,1,24.4,38.65
2024/8/9 8:00,68,1.18,30.15,45.3,74.45,9.75,26.1,754,0,1,26.1,45.7
2024/8/9 11:00,51.8,1.015,17.1,136,47.3,7.8,30.6,753.7,-0.3,1,25,35.65
2024/8/9 14:00,65.15,0.89,13.4,168.65,37.4,7.7,31.1,752.9,-0.8,2,23.2,26.15
2024/8/9 17:00,55.15,0.925,13.95,157.5,35.6,6.9,31.1,752.2,-0.7,1,22.7,22.2
2024/8/9 20:00,44.8,0.99,32.3,90.95,44.5,5.9,27.1,752.2,0,1,24.4,26.2
2024/8/9 23:00,42.6,0.95,38.05,40.25,42.75,6.1,25.8,751.8,-0.4,1,25.8,25.05
2024/8/10 2:00,45.9,1.245,34.35,33.95,45.6,7.2,24.6,750.8,-0.9,1,24.6,26.5
2024/8/10 5:00,43.6,1.31,27.9,26.25,43,8.25,24.1,751.5,0.6,1,24.1,24.7
2024/8/10 8:00,39.5,1.095,30.85,30.1,39.8,7.55,25.4,750.2,-1.3,1,25.4,23.65
2024/8/10 11:00,29.35,0.76,16.15,64.65,28.9,6.15,28.8,748.8,-1.4,3,22.5,17.65
2024/8/10 14:00,29.8,0.655,11.45,74,29.5,5.4,29.7,747.2,-1.5,3,23.4,14.1
2024/8/10 17:00,30.25,0.62,12.05,69.3,29.8,5.6,28.4,747.1,-0.2,4,23.3,12.65
2024/8/10 20:00,19.7,0.65,12.85,56.55,19.2,5.6,26.6,746.6,-0.4,3,24.4,9.8
2024/8/10 23:00,19.7,0.63,12.55,48.7,17.85,5.9,24.8,747,0.3,1,24.8,9.4
2024/8/11 2:00,17.5,0.655,13.1,49.6,14.4,5.15,24.4,746.5,-0.4,1,24.4,7.2
2024/8/11 5:00,17.95,1.045,17.1,44.95,15.75,5.45,23.9,746.8,0.3,0,23.9,8.25
2024/8/11 8:00,25.1,1.06,21.1,61.9,24.65,6.25,27.6,747.4,0.5,2,26.7,12.6
2024/8/11 11:00,54.95,0.9,13.95,96,60.55,7.4,31.3,747.3,-0.1,2,26.6,18.3
2024/8/11 14:00,53.72222222,0.688888889,11.11111111,111.1111111,56.83333333,7.222222222,32.1,747,-0.3,3,25.2,22.55555556
2024/8/11 17:00,37.4,0.7,14.5,105.25,33.7,5.75,26.9,748.3,1.3,4,23.2,17.45
2024/8/11 20:00,37.4,0.735,19.2,92.7,39.1,5.35,24,749.9,1.6,1,24,22.2
2024/8/11 23:00,35.4,0.685,14.3,94,31.8,5.25,23.9,750.7,0.8,3,23.9,17.05
2024/8/12 2:00,27.6,0.885,16.75,77,24.35,5.95,23.1,750.2,-0.4,1,23.1,14.1
2024/8/12 5:00,26.5,0.68,15.65,66.4,25.7,5.7,22.8,751.5,1.2,1,22.8,12.65
2024/8/12 8:00,29.2,0.76,18.3,70.4,28,5.95,26.4,752.1,0.6,2,24.3,15.5
2024/8/12 11:00,33.15,0.935,16.3,92.3,32.2,6.85,30.7,752.3,0.2,1,24.8,15.65
2024/8/12 14:00,39.9,0.795,14.3,108.75,38.95,6.15,31.6,751.8,-0.5,2,23.7,17.5
2024/8/12 17:00,33.35,0.73,17.85,85.3,33.35,5.85,28.4,752.5,0.7,2,24.6,16.9
2024/8/12 20:00,28.3,0.695,16.95,88.45,20.4,5.65,24.2,754.5,2,1,24.2,12.6
2024/8/12 23:00,22.95,0.79,20.55,69.55,19.8,5.65,23,755.2,0.7,2,23,11.7
2024/8/13 2:00,22.4,0.9,22.45,43.6,20.35,5.85,22.9,755.5,0.3,1,22.9,10.45
2024/8/13 5:00,25.85,0.72,18.4,21.5,25.1,5.8,23.4,756.5,1,2,23.4,12.15
2024/8/13 8:00,25,1.155,19.85,21.77777778,22.8,6.55,24.1,757.8,1.2,2,24.1,10.7
2024/8/13 11:00,21.45,0.64,16.45,58.3,22.05,6.4,28.5,757.6,-0.1,2,24.3,10
2024/8/13 14:00,26.3,0.63,11.95,74.85,25.25,6.4,28.9,757.3,-0.3,4,23.3,12.05
2024/8/13 17:00,30.3,0.605,11.55,95.5,20.55,6.1,28.6,757,-0.4,4,22.4,9.9
2024/8/13 20:00,25.15,0.665,21.55,72.25,22.6,6.2,26.6,757.9,1,2,22.2,11.15
2024/8/13 23:00,24.4,0.665,24,41,24.4,7.35,25.6,757.7,-0.2,2,22.5,12.15
2024/8/14 2:00,27.5,0.7,23.3,32.7,27.5,7.15,24.3,757.6,-0.1,1,23.3,12.7
2024/8/14 5:00,25.45,0.605,23.65,26.6,25,7,23.9,757.8,0.2,1,23.2,12.8
2024/8/14 8:00,23.9,0.725,21.9,32.4,23.75,7.5,26.4,757.6,-0.3,2,22.5,11.95
2024/8/14 11:00,29.15,0.705,22.7,50.75,29,7.6,28,757.8,0.3,2,22.9,13.2
2024/8/14 14:00,31.025,0.6725,18.175,75.4,29.6,7,29.9,757,-0.9,2,23.8,13.625
2024/8/14 17:00,32.9,0.64,13.65,100.05,30.2,6.4,29.4,756.6,-0.3,3,23.6,14.05
2024/8/14 20:00,27.25,0.59,17.05,73.9,26.6,6.15,27.3,757.2,0.6,2,22.7,13.75
2024/8/14 23:00,27.95,0.64,22.3,44.55,27.95,6.8,25,757,-0.2,1,23.8,14.45
2024/8/15 2:00,29.85,0.65,25.85,23.25,29.85,6.9,23.6,756.8,-0.2,2,23.6,14.8
2024/8/15 5:00,28.75,0.635,22.3,20,28.45,6.8,23.5,757.2,0.4,1,23.5,15.65
2024/8/15 8:00,29.85,0.935,24.6,25.6,28.65,7.85,24.9,757.6,0.3,2,24.9,16.85
2024/8/15 11:00,35.9,0.815,18,83.15,35.7,6.5,29.8,757,-0.5,2,24.2,20.35
2024/8/15 14:00,40.2,0.705,16.05,124.2,33.4,6.5,31.5,756.1,-1,1,23.1,18.05
2024/8/15 17:00,33.3,0.59,15,104.55,25.3,6.1,29.7,755.5,-0.5,2,23.2,14.85
2024/8/15 20:00,28.65,0.64,22,75.2,26.8,6.1,25.3,756.6,1.1,1,24.8,16.8
2024/8/15 23:00,35.65,0.685,33.75,43.95,35.25,7.25,23.6,757,0.3,0,23.6,19.95
2024/8/16 2:00,39.4,0.685,31.8,29.9,39.85,7.25,22.8,756.7,-0.2,0,22.8,20.1
2024/8/16 5:00,36.05,0.7,34.65,15.25,36.05,7.4,22.2,757.3,0.6,0,22.2,19.6
2024/8/16 8:00,32.8,0.765,29.55,40.95,33.05,7.7,27.7,757.9,0.5,1,23.9,19.45
2024/8/16 11:00,34.7,0.595,15.35,109.5,27.15,7.15,30.7,757.7,-0.1,2,20,14.15
2024/8/16 14:00,47.15,0.56,12.05,144.95,25.25,6.6,31.8,756.7,-1.1,2,21.3,13.3
2024/8/16 17:00,37.1,0.545,13.75,117.7,24.95,6.5,30.7,756.4,-0.2,2,21.5,12
2024/8/16 20:00,29.15,0.61,24.15,81.5,27.5,6.9,26.3,757.7,1.3,1,21.5,14.75
2024/8/16 23:00,28.75,0.635,27.25,54.55,28.6,7.05,23.7,757.9,0.1,0,23.5,15.6
2024/8/17 2:00,34.25,0.67,37.15,27.7,34.85,7.25,22.6,757.9,0.1,0,22.6,17.65
2024/8/17 5:00,36.9,0.655,42.05,10.75,36.15,7.1,21.8,758.2,0.2,1,21.8,20.45
2024/8/17 8:00,44.6,1.095,34.75,31.5,45.2,11.45,27,758.5,0.3,2,25,23.4
2024/8/17 11:00,40.65,0.82,19.8,124.85,33.65,8.3,31.3,758.4,0,1,22.3,17.95
2024/8/17 14:00,76.7,0.64,15.75,179.8,34.7,7.25,33.6,757.2,-1.2,1,21.7,18.55
2024/8/17 17:00,45.3,0.565,16.1,137.5,30.05,6.9,30.5,756.7,-0.5,2,22.4,15.5
2024/8/17 20:00,34.55,0.625,30.95,84,33.45,7.15,25.5,757.3,0.5,0,21.8,17.35
2024/8/17 23:00,41.475,0.7025,39.475,51.275,41.775,7.45,23.8,757.6,0.4,0,23.8,20.85
2024/8/18 2:00,48.4,0.78,48,18.55,50.1,7.75,23,757.4,-0.2,1,23,24.35
2024/8/18 5:00,51.6,0.91,46,8.3,54.45,7.45,22.6,757.1,-0.3,0,22.6,26.15
2024/8/18 8:00,54.2,1.555,35.8,34.25,58.65,19.9,27,757.1,0,1,26.5,31.2
2024/8/18 11:00,54.5,1.265,19.05,128.35,57.75,11,31.2,756.3,-0.8,3,25.1,32.55
2024/8/18 14:00,46.9,0.79,12.8,121.2,50.55,7.05,28.2,755.6,-0.7,3,26,23.8
2024/8/18 17:00,38.15,0.865,15.4,109.3,38,6.25,25.4,755,-0.6,2,24.5,22.6
2024/8/18 20:00,36.9,0.895,37,48.75,37,6.4,24.8,755.5,0.5,1,24.8,22.1
2024/8/18 23:00,36.8,0.805,25,49.55,37.25,6.45,24.7,756,0.5,1,24.7,21.2
2024/8/19 2:00,43,0.86,22.8,33.35,42.7,14.5,23.9,755.1,-0.9,0,23.9,24.3
2024/8/19 5:00,37.15,0.9,28.4,14.15,36.55,8.2,23.9,755.2,0,0,23.9,22.2
2024/8/19 8:00,29,0.81,23.05,35.95,27.25,12.8,27.6,756,0.9,2,24.8,15.6
2024/8/19 11:00,26.75,0.68,26.05,79.15,22.1,7.65,26.4,756.3,0.3,3,24.1,12.6
2024/8/19 14:00,25.7,0.59,15.35,79.85,17.85,6.55,28.9,755.5,-0.8,2,24,11.1
2024/8/19 17:00,27.6,0.62,15.7,81.9,23.65,6.55,25.5,755.8,0.2,2,25.5,11.95
2024/8/19 20:00,20.7,0.695,30.4,38.95,20.55,6.3,24.7,756.7,1,1,24.7,11.75
2024/8/19 23:00,24.15,0.755,29.85,32.3,24.35,6.25,24.5,757.4,0.7,1,24.5,13.35
2024/8/20 2:00,28.45,0.725,30.9,19.75,27,6.4,24.2,757.3,-0.2,1,24.2,15.65
2024/8/20 5:00,27,0.785,27.65,8.8,26.7,6.4,23.9,757.2,0,1,23.9,12.85
2024/8/20 8:00,28.3,1.12,23.75,22.7,28.7,7.95,26.1,757.7,-0.133333333,2,25.8,14.25
2024/8/20 11:00,25.9,0.975,22.25,56.85,25.9,7.6,28.5,757.6,-0.266666667,2,24.7,13.6
2024/8/20 14:00,25.15,0.85,18.35,72.65,24.85,7.3,28.9,757.1,-0.4,2,25.5,14.05
2024/8/20 17:00,27.05,0.785,15.35,73.85,26.55,6.4,29.2,756.1,-1.1,1,26.2,14.05
2024/8/20 20:00,28.1,0.685,22.7,39.8,27.5,6.4,26.1,756.7,0.6,1,26.1,16.7
2024/8/20 23:00,30.65,0.69,26.4,22.55,29.3,6.2,25.6,756.1,-0.6,1,25.6,17.85
2024/8/21 2:00,33.8,0.715,26.05,17.3,32.3,6.2,25.4,755.3,-0.7,0,25.4,19.3
2024/8/21 5:00,23.1,0.55,12.35,45.5,21.95,5.9,25,755.2,-0.2,1,25,12.35
2024/8/21 8:00,21.44444444,1.31,23.85,32.61111111,20.8,5.55,25.5,754.9,-0.3,2,25.5,12.8
2024/8/21 11:00,25.85,1.57,24.75,35.1,21.95,6.7,27.3,754.2,-0.6,1,27.3,14.15
2024/8/21 14:00,24.65,0.75,17.35,71.75,19.25,6.25,28.5,752.8,-1.4,3,25.3,11.15
2024/8/21 17:00,15.4,0.62,20.5,36.95,14.6,6.45,27.1,752.4,-0.4,1,26.8,6.45
2024/8/21 20:00,13.9,0.66,22.2,30.6,13.45,6.65,25.9,752.7,0.3,1,25.9,7.85
2024/8/21 23:00,17.55,0.565,16.7,42.85,14.05,8.25,24.5,752.8,0.1,0,24.5,10.45
2024/8/22 2:00,20.3,0.63,20.9,29.55,20.4,11.55,24.5,752.2,-0.6,0,24.5,9.35
2024/8/22 5:00,28,0.68,22.15,17.4,23.7,9.75,24.6,751.7,-0.5,1,24.6,14.35
2024/8/22 8:00,23.55,0.685,19.8,17.1,24.35,6.55,24.2,751.5,-0.2,2,24.2,11.4
2024/8/22 11:00,20.55,0.6,15.55,32.65,21.3,6.3,25.3,751.8,0.3,3,23.5,11.15
2024/8/22 14:00,20.2,0.54,12.25,61.15,17.25,6.5,27.8,751,-0.9,3,22.5,9.6
2024/8/22 17:00,23.65,0.54,13,70.35,18.25,7.15,26.1,751.6,0.6,3,20.9,8.25
2024/8/22 20:00,18.7,0.55,16.9,44.05,17.5,6.55,22.6,753.2,1.7,2,20.1,9.95
2024/8/22 23:00,19.3,0.54,16.8,36.8,16.85,7.05,21.1,754.1,0.8,1,20.9,8.95
2024/8/23 2:00,18.9,0.555,22.25,28,17.85,6.9,19.5,754.6,0.6,0,19.5,8.4
2024/8/23 5:00,18.25,0.565,31.2,8.25,17.8,6.95,18.7,755.5,0.8,1,18.7,9.35
2024/8/23 8:00,22.05,0.595,25.65,33.2,21.7,7.55,23.7,756.7,1.2,1,21.4,9.05
2024/8/23 11:00,27.1,0.515,14.2,80.75,16.7,7.25,27.3,756.9,0.2,2,18,7.85
2024/8/23 14:00,39.25,0.515,12.4,120.6,23.1,7.15,28.5,756.1,-0.8,2,17.7,9.4
2024/8/23 17:00,36.95,0.535,14.2,116.75,22.85,7.4,27.4,755.9,-0.2,1,19,11.05
2024/8/23 20:00,30.9,0.615,38.55,58.9,28.9,8.25,21.8,756.5,0.6,1,21,12.25
2024/8/23 23:00,30.15,0.625,34.4,37.95,31.2,8.75,20.4,757.3,0.8,1,20.4,16
2024/8/24 2:00,35.5,0.71,34.65,18.15,37.25,9.7,19.9,757.4,0.1,1,19.9,17.9
2024/8/24 5:00,31.85,1,23.2,12.7,31.65,8.25,19,757.6,0.2,0,19,15.55
2024/8/24 8:00,38.6,1.49,27.25,27.2,38.45,15.45,23.7,758.2,0.6,1,20.8,18.15
2024/8/24 11:00,37.45,1.005,25.85,92.3,37.3,14.7,28.5,757.6,-0.6,2,19.2,17.35
2024/8/24 14:00,51.8,0.725,16.7,154,35.55,10.65,30.5,756.6,-0.9,1,20.1,18.4
2024/8/24 17:00,45.45,0.64,17,139.05,40.05,9.05,29.4,756,-0.6,2,18.8,17.4
2024/8/24 20:00,52.3,1.065,35.3,110.3,55.45,10.3,23.3,756.3,0.2,0,21.9,27.65
2024/8/24 23:00,60.8,1.01,59.65,44.4,69.85,8.65,23.8,757.6,1.4,2,22.2,32.25
2024/8/25 2:00,34.3,0.495,14.8,107.7,21.3,7.9,21.1,757.3,-0.4,1,17.9,9.95
2024/8/25 5:00,27,0.725,21.55,59.9,26.4,7.65,19.7,757.5,0.2,0,19.7,11
2024/8/25 8:00,28,0.74,28,63.3,26.8,9.1,24.4,758.3,0.8,2,19.9,12.25
2024/8/25 11:00,41.05,0.67,16.8,128.55,33.7,9.85,28.6,758.1,-0.1,2,20.6,14.9
2024/8/25 14:00,36.25,0.515,10.35,114.7,19.4,7.5,29.8,757.2,-0.9,2,16.6,9.2
2024/8/25 17:00,28.75,0.515,12.2,90.65,16.5,7.5,28.2,757,-0.3,2,16.8,8.75
2024/8/25 20:00,25.65,0.63,37.7,45.35,22.15,7.05,21.9,757.6,0.6,1,19.1,9.15
2024/8/25 23:00,31.5,0.77,51.25,12.95,30.95,8.45,20.7,757.3,-0.2,1,20.7,16.2
2024/8/26 2:00,36.3,0.795,45.35,5.5,33.3,8.5,19.5,757.3,0,1,19.5,17.95
2024/8/26 5:00,41.45,1.035,34.65,5.2,38.55,10.1,19.1,757.3,-0.1,1,19.1,21.45
2024/8/26 8:00,45.2,1.35,34.55,27.3,42.45,13.55,23.6,757.5,0.2,1,20.3,23.8
2024/8/26 11:00,33.3,0.765,20.8,90.5,29.35,11.4,28.2,756.9,-0.5,2,17.4,13.5
2024/8/26 14:00,34.7,0.59,16.05,105.55,26.9,10.2,28.5,756.7,-0.3,4,14.3,10.85
2024/8/26 17:00,25.7,0.52,20.95,76.05,21.55,8.75,27.4,756.5,-0.2,2,15.1,7
2024/8/26 20:00,31.55,0.605,42.6,39,31.1,8.6,20.2,757.3,0.8,0,15.6,9.25
2024/8/26 23:00,44.1,0.835,58.35,7.2,45.25,9,17.8,757.5,0.2,0,17.8,13.5
2024/8/27 2:00,42.15,0.76,42.95,5,42.4,9,16.5,757.5,0,1,16.5,16.15
2024/8/27 5:00,41.25,1.135,33.8,4.9,42.2,11.4,15.6,758,0.5,1,15.6,19.3
2024/8/27 8:00,45.5,1.225,32.65,20.3,48.6,13.65,20.9,758.6,0.6,2,20.1,22.85
2024/8/27 11:00,25.9,0.56,12.15,78.25,20.6,8.75,27.5,758.3,-0.3,4,15.5,10.55
2024/8/27 14:00,31.2,0.535,9.95,97.05,18.7,8.4,29.1,757.9,-0.4,3,16,8
2024/8/27 17:00,29.45,0.525,11.85,85.95,20.7,8.35,28.1,757.8,-0.1,2,16.7,7.2
2024/8/27 20:00,24.4,0.585,24.3,47.4,24.4,8.2,23.4,758.5,0.7,1,17.4,8.3
2024/8/27 23:00,25,0.63,33.2,27.65,24.25,9.25,19.7,758.8,0.3,1,19.2,11.5
2024/8/28 2:00,27.8,0.64,34.95,16.4,27.8,9.75,17.8,758.5,-0.3,1,17.8,11.5
2024/8/28 5:00,31.4,1.07,32.15,4.9,31.4,11.1,17.6,758.7,0.2,1,17.6,12.3
2024/8/28 8:00,36.44444444,1.45,31.4,27.61111111,34.15,14.55555556,22.1,759.1,0.4,2,18.7,14.05
2024/8/28 11:00,32.55,0.785,21.05,98.75,26.3,9.6,27.8,758.5,-0.6,2,17.3,10.75
2024/8/28 14:00,50.25,0.625,14.3,151.5,23.6,8.45,29.9,757.3,-1.2,2,15.2,9.95
2024/8/28 17:00,46.85,0.56,16.4,143.5,26.55,10.4,30.1,756.7,-0.6,2,15.4,9.45
2024/8/28 20:00,40.72222222,0.833333333,54.4,65.3,39.6,9.8,21.2,757.4,0.7,1,18.6,12.45
2024/8/28 23:00,51.35,0.985,72.8,13.4,53.95,9.05,18.7,757.6,0.2,1,18.7,24.75
2024/8/29 2:00,49.55,0.87,60.55,6,52.3,10.4,17.5,757.6,0,0,17.5,22
2024/8/29 5:00,46.7,1.095,39,14.3,48.35,10.1,16.7,757.6,0,0,16.7,23.75
2024/8/29 8:00,48.05,1.28,34.9,42.3,45.2,14.4,23.5,758.1,0.5,1,20.2,23.5
2024/8/29 11:00,43.75,1.185,24.5,128.3,41.7,16,29.2,757,-1.1,3,16.4,18.9
2024/8/29 14:00,58.9,0.885,14.05,165.5,36.3,13.5,31.2,755.5,-1.5,3,16.8,16.9
2024/8/29 17:00,79.45,0.96,17.8,183.55,38.25,12.3,29.9,754.8,-0.7,3,17.4,17.35
2024/8/29 20:00,51.45,0.98,37.55,117.6,55.15,10.2,24,755.2,0.4,1,18.9,20.9
2024/8/29 23:00,36.85,0.685,25.55,98.1,34.7,9,22.7,755.3,0.2,1,18.5,18.3
2024/8/30 2:00,42,0.93,23.6,85.6,41.2,12.2,19.8,754.7,-0.6,0,19.8,22.1
2024/8/30 5:00,51.95,1.195,25.3,63.55,54.3,22.5,18.9,754.6,-0.1,1,18.9,28.95
2024/8/30 8:00,46.55,1.35,30.25,70.3,47,32.9,24.9,754.9,0.3,2,19.9,26.55
2024/8/30 11:00,50.8,1.025,16.9,156.95,42.8,10.8,28.1,754.9,-0.1,3,20.1,23.45
2024/8/30 14:00,47.25,0.8875,15.375,135.275,43.075,9.025,29.3,754.6,-0.2,3,19.9,23.625
2024/8/30 17:00,43.7,0.75,13.85,113.6,43.35,7.25,28.7,754.9,0.3,3,19.6,23.8
2024/8/30 20:00,27.6,0.505,22.05,64.35,26.6,8,24.6,757,2.1,2,17.3,14.95
2024/8/30 23:00,29.21666667,0.499166667,20.58333333,73.4,27.2,8.033333333,19.1,757.4,0.3,1,18.8,14.31666667
2024/8/31 2:00,30.83333333,0.493333333,19.11666667,82.45,27.8,8.066666667,17.5,757.6,0.2,1,17.5,13.68333333
2024/8/31 5:00,32.45,0.4875,17.65,91.5,28.4,8.1,16.5,758.4,0.8,1,16.5,13.05
2024/8/31 8:00,34.06666667,0.481666667,16.18333333,100.55,29,8.133333333,21.6,758.7,0.3,2,19,12.41666667
2024/8/31 11:00,35.68333333,0.475833333,14.71666667,109.6,29.6,8.166666667,27.4,758,-0.7,3,16.4,11.78333333
2024/8/31 14:00,37.3,0.47,13.25,118.65,30.2,8.2,29.4,756.4,-1.6,4,14.8,11.15
2024/8/31 17:00,37.05,0.45,14.6,108.75,29.55,8.05,27.7,755.2,-1.2,2,14,9.2
2024/8/31 20:00,36.6,0.515,34.95,72.6,35.75,10.75,22,754.8,-0.4,1,16.7,10.3
2024/8/31 23:00,44.6,0.695,33.45,75.75,46.1,15.35,23.3,753.8,-0.9,2,16.6,13.65
2024/9/1 2:00,38.05,0.78,24.925,74,38.8,12.825,23.6,753.4,-0.4,3,15.6,15.025
2024/9/1 5:00,31.5,0.865,16.4,72.25,31.5,10.3,21.4,753.6,0.2,3,18.6,16.4
2024/9/1 8:00,28.1,0.55,15.95,85.35,22.35,8.15,20.8,754.9,1.2,4,19.5,12.9
2024/9/1 11:00,29.45,0.55,15.25,88.65,26.3,7.55,25.1,755.1,0.3,3,19.9,13.25
2024/9/1 14:00,26.95,0.415,9.4,81.45,17.35,7.45,28.8,755.2,0.1,4,15.3,9.35
2024/9/1 17:00,24.9,0.39,10.5,67.9,22.6,7.45,26.2,756.4,1.1,4,13,7.3
2024/9/1 20:00,21.975,0.4075,12.65,61.575,18.775,7.675,21.2,759.4,3,4,13.9,6.125
2024/9/1 23:00,19.05,0.425,14.8,55.25,14.95,7.9,17.7,760.6,1.2,2,13.2,4.95
2024/9/2 2:00,18.4,0.44,15.75,45.35,15.85,7.75,16.2,761.1,0.5,2,13.3,4.85
2024/9/2 5:00,16.25,0.46,21.2,32.9,15.2,8.4,15.6,761.7,0.5,3,13.6,4.65
2024/9/2 8:00,19.2,0.515,21.75,39.45,14.8,7.45,19.3,763,1.3,3,13.7,4.65
2024/9/2 11:00,23.65,0.405,14.5,68.6,17.85,7.5,24,762.6,-0.4,3,12,3.6
2024/9/2 14:00,25.75,0.37,10.3,81.35,13.25,11.05,27.1,761.1,-1.4,3,11.6,4.05
2024/9/2 17:00,26.95,0.38,13.6,85.35,13,10.95,26.2,760.5,-0.6,2,10.4,3.9
2024/9/2 20:00,21.35,0.485,33.05,49.35,18.65,8.1,21.4,761.3,0.7,2,11.7,3.9
2024/9/2 23:00,25.6,0.49,39.8,30.35,22.9,13.9,15.3,761.2,-0.1,1,13.2,6
2024/9/3 2:00,32.5,0.95,37.75,17,30.05,11.35,14,760.9,-0.2,1,13.8,10.4
2024/9/3 5:00,34.05,1.03,33.65,11.65,31.55,10.65,12.7,761,0,1,12.7,13.25
2024/9/3 8:00,37.25,1.425,30.45,30.2,35.4,12.55,19.3,761.4,0.4,1,13.9,16.45
2024/9/3 11:00,27.85,0.825,25.35,77.7,28.5,12.4,26.6,760.1,-1.2,3,14.4,11.75
2024/9/3 14:00,37.05,0.85,15.7,120.1,24.5,12.1,28.9,758.2,-1.9,3,14.3,10.05
2024/9/3 17:00,45.9,0.855,19.45,142.2,34.55,12.35,27.9,757.2,-1,2,14.9,12.95
2024/9/3 20:00,41.35,0.835,42.5,80.9,37.7,9.9,20.5,757.8,0.6,1,17.1,18.25
2024/9/3 23:00,46.4,0.81,47.1,58.45,46.15,13.15,18.2,757.3,-0.5,0,18.2,22.85
2024/9/4 2:00,47.65,0.97,40.65,44.35,47.75,22.65,17.4,756.2,-1.1,1,17.4,25.25
2024/9/4 5:00,42.45,0.775,26.55,44.5,41.75,27.75,17.3,755.6,-0.6,0,17.3,22.8
2024/9/4 8:00,38.38888889,0.816666667,28.3,61.83333333,38.25,24.3,22.6,755.5,-0.1,1,21.1,22.45
2024/9/4 11:00,32.95,0.6,19.55,76.65,32.45,9.25,25.6,754,-1.5,2,20.4,17.05
2024/9/4 14:00,27.7,0.61,20.3,69,26,7.9,26.4,752.3,-1.7,4,20.9,15.6
2024/9/4 17:00,35,0.685,23.35,75.65,34.9,7.05,25.2,752.8,0.5,2,22.7,18.9
2024/9/4 20:00,33.8,0.605,20.95,100.95,30.05,7.85,24.8,753.7,0.9,4,17.3,18.45
2024/9/4 23:00,34.15,0.595,16.95,104.4,27.95,6.55,20.1,754,0.3,1,20.1,16.85
2024/9/5 2:00,38.6,0.67,12.9,121.7,24.05,6.65,20.6,753.7,-0.3,2,20.6,14.05
2024/9/5 5:00,25.25,0.745,13.95,67,22.1,6.7,20.8,754.6,0.9,2,20.8,14.35
2024/9/5 8:00,20.2,0.635,16.2,53.4,19.8,7.1,19.8,756.7,2.1,3,19.8,12.05
2024/9/5 11:00,22.05,0.5,13.35,66.4,18.6,8.5,23.3,757.8,1.1,3,16.8,8.4
2024/9/5 14:00,26.25,0.4,9.7,79.55,14.75,8.3,25.7,757.7,-0.1,3,14.2,5.45
2024/9/5 17:00,26.15,0.385,12,78,17.75,7.8,24.9,758.8,1.1,3,10.8,5.7
2024/9/5 20:00,24.3,0.49,27.75,52.45,22.6,8.25,19.5,760.5,1.6,1,12.5,7.25
2024/9/5 23:00,23.55,0.47,26.7,42.6,22.05,9.45,19.5,760.8,0.4,2,13.2,6.45
2024/9/6 2:00,22.2,0.485,31.6,20.7,20.75,8.6,14.3,761.5,0.6,1,14.3,6.15
2024/9/6 5:00,30.7,1.025,34.55,7,30.7,10.55,13.1,761.6,0.1,1,13.1,11.15
2024/9/6 8:00,45.55,1.625,33.8,17.35,43.5,11.25,17.7,762.3,0.7,1,15,19.15
2024/9/6 11:00,31.05,0.74,23.55,76.65,28.45,9.5,25.3,761.5,-0.7,1,11.5,13.3
2024/9/6 14:00,37.9,0.585,20.4,117.45,24.35,9,26.6,760.4,-1.2,2,11.5,12.85
2024/9/6 17:00,29.4,0.47,26.8,78.4,27.4,8.75,25.1,760.4,0,1,12.7,9.55
2024/9/6 20:00,30.6,0.615,51.1,30.35,28.6,8.5,19.2,760.5,0.1,1,15.5,10.1
2024/9/6 23:00,49.2,0.81,60.7,5.3,51.85,9.8,16.1,760.6,0.2,1,16.1,16.9
2024/9/7 2:00,44.15,0.715,48.3,5.3,45.5,9.15,16.4,760.8,0.2,1,16.4,17.25
2024/9/7 5:00,40.1,1.165,33.95,15.25,40.7,10.55,16.4,761.2,0.4,1,16.4,20.7
2024/9/7 8:00,40.7,1.24,38.25,8.95,41,10.2,17.3,762.1,0.8,1,17.3,21.2
2024/9/7 11:00,40.525,1.105,41.125,30.3,40.4,11.075,19.8,761.5,-0.5,1,17.4,21.975
2024/9/7 14:00,40.35,0.97,44,51.65,39.8,11.95,23.1,761.3,-0.3,1,16.6,22.75
2024/9/7 17:00,37,0.805,39.45,69.75,37,11.1,24.5,760.9,-0.4,1,15.4,18.2
2024/9/7 20:00,42.45,0.84,58.4,24.25,44.4,12.55,17,761.4,0.5,0,16.8,18.45
2024/9/7 23:00,57.4,1.3,63.1,4.65,64.65,15.7,15.2,762,0.6,0,15.2,31.35
2024/9/8 2:00,51.3,1.055,43.75,4.2,54.9,11.8,14.2,762.1,0.2,1,14.2,27.8
2024/9/8 5:00,45,1.215,27.4,5.55,44.85,9.1,14,762.2,0,1,14,25.9
2024/9/8 8:00,43.4,1.505,26.2,17.05,43.55,10.75,18.2,762.4,0.2,2,17.2,24.2
2024/9/8 11:00,41.25,1.375,26.05,86.8,38.85,13.6,25.3,761.5,-0.9,2,13.5,24.65
2024/9/8 14:00,42.55,1.26,21.3,132.9,37.05,18.6,28,760,-1.4,3,15,18.85
2024/9/8 17:00,50.45,1.295,22.6,148.7,47.9,13.15,26.1,759.9,-0.2,2,17.5,25.3
2024/9/8 20:00,44.8,0.935,32.6,93.1,45,10.2,21,760.3,0.5,0,19.3,24.35
2024/9/8 23:00,50,0.915,36.6,80.1,51.2,16.8,18.6,760.1,-0.2,0,18.6,30.95
2024/9/9 2:00,59.75,1.145,50.4,27.35,61.1,15.6,17.9,759.5,-0.6,1,17.9,37.85
2024/9/9 5:00,44.75,1.49,33.6,30.6,46.4,11,18.6,758.9,-0.6,1,18.6,25.25
2024/9/9 8:00,35.4,1.375,35.65,43.45,35.4,14.15,22.5,758.8,-0.1,1,20.6,19.6
2024/9/9 11:00,39.6,1.04,27.7,77.8,39.3,15,25.7,758.5,-0.3,3,20.3,21.5
2024/9/9 14:00,41,0.795,23.25,89.45,40.9,9.7,23.5,757.5,-1,1,23.5,22.55
2024/9/9 17:00,35.65,0.79,28.1,71.75,35.65,10.9,23.7,756.9,-0.6,1,23.7,21.05
2024/9/9 20:00,35.45,0.745,23.3,75.65,35.45,10.3,23.9,757.3,0.4,1,21.2,19
2024/9/9 23:00,30.15,0.77,16.1,80.75,27.85,7.65,22.1,758.8,1.5,2,22.1,19.3
2024/9/10 2:00,33.85,0.845,12.85,86.45,31.5,8.85,21.8,759.4,0.6,2,21.8,21.5
2024/9/10 5:00,36.2,0.765,13.7,73.8,34.35,7.75,21.1,760.9,1.5,2,20.8,21.6
2024/9/10 8:00,16.6,0.455,23.3,33.8,18.2,9.25,20.3,762.9,2,2,12.5,8.4
2024/9/10 11:00,21.15,0.385,18.1,65.3,19.3,8.3,18.7,763.9,1,1,11.3,6.55
2024/9/10 14:00,23.15,0.41,21.3,61.8,16.95,8.25,20,763.3,-0.7,1,12.7,5
2024/9/10 17:00,22.8,0.48,24.9,55.45,20.85,8.45,19.1,763.3,0.1,1,14.2,5.2
2024/9/10 20:00,30.2,0.66,53.3,12.25,28.4,8.6,15.4,764.4,1,1,15.1,7.2
2024/9/10 23:00,37.45,0.78,49.3,5.75,36.3,8.95,15.4,764.8,0.3,0,15.4,11.55
2024/9/11 2:00,32.4,1.04,35.65,6.05,32.4,11.1,15.6,765.4,0.6,1,15.6,11.75
2024/9/11 5:00,27.5,1.18,26.2,7.1,27.5,12.1,15.3,765.7,0.4,1,15.3,11.55
2024/9/11 8:00,29.55,1.1,26.65,12.4,27.6,12.6,18.2,766.2,0.4,2,14.7,11.75
2024/9/11 11:00,26.35,0.85,28,37.8,25.75,12.75,22.3,765.7,-0.3,2,13.6,8.45
2024/9/11 14:00,28.2,0.58,27.9,47,28.2,10.45,23.3,765.1,-0.7,2,14,9.25
2024/9/11 17:00,29.75,0.575,33.55,35.35,29.75,9.9,21.9,764.6,-0.5,2,15,9.8
2024/9/11 20:00,34.8,0.655,42.25,16.15,34.8,9.4,18.9,764.9,0.3,1,15.6,14.85
2024/9/11 23:00,38.15,0.715,38.65,12.3,38,10.5,18,764.6,-0.3,2,13.5,19.15
2024/9/12 2:00,32.25,0.79,34.3,10.45,32.1,10.95,13.2,763.9,-0.6,0,13.2,15.2
2024/9/12 5:00,28,0.72,29.05,13.1,28,9.7,12.8,764.2,0.2,2,12.8,10.85
2024/9/12 8:00,32.5,0.95,26.75,19.8,30.4,11.85,17.9,763.9,-0.3,3,14,10.3
2024/9/12 11:00,27.55,0.625,19.6,57.4,27.35,9.4,25.1,762.2,-1.6,3,11.3,8.4
2024/9/12 14:00,33.77777778,0.6,13.55555556,103.95,20.65,9.6,28.8,760.3,-1.9,2,13.9,9
2024/9/12 17:00,33.75,0.55,17.8,103.85,19.05,8.2,27.8,759.9,-0.5,1,18.2,8.85
2024/9/12 20:00,30.7,0.64,43.3,37.95,27.25,9.1,21.6,760.3,0.5,1,13.8,14.35
2024/9/12 23:00,41.45,0.755,57.4,9.45,37.7,8.95,17.8,759.4,-0.9,0,15.6,18.8
2024/9/13 2:00,37.1,0.77,46.95,10.15,34.6,9.25,16.8,759,-0.4,0,15,18.55
2024/9/13 5:00,34.1,0.745,40.25,6.25,34.1,9.4,15.3,758.8,-0.2,1,15.3,14.3
2024/9/13 8:00,35.15,0.545,20.6,34.6,34.95,8.95,19.3,759.9,1,4,13.7,12
2024/9/13 11:00,37.2,0.45,16.2,64.95,36.05,8.95,23.8,759.1,-0.7,4,13.1,8.95
2024/9/13 14:00,39.55,0.41,12.95,92.75,39.55,8.45,24.6,757.7,-1.4,5,11.9,7.25
2024/9/13 17:00,43.45,0.41,16.45,83.65,43.9,8.5,22.4,757.3,-0.4,4,9.6,7.65
2024/9/13 20:00,38.15,0.425,18.85,56.7,38.75,8.95,17.4,757.9,0.6,4,7.7,7.65
2024/9/13 23:00,30.75,0.425,19,41.55,30.75,8.5,14.7,757.8,-0.2,4,8.4,5.1
2024/9/14 2:00,27.6,0.41,17.5,38.15,27.6,8.55,13.9,758,0.2,4,8.1,5.25
2024/9/14 5:00,20.6,0.41,16.25,34.7,20.6,7.9,12.6,758.8,0.9,4,9.1,4.5
2024/9/14 8:00,18.4,0.465,20.25,23.9,20.65,7.45,11.8,760,1,3,10.9,5.75
2024/9/14 11:00,18.45,0.41,16.5,27.25,18.3,7.6,12.2,760.6,0.6,3,10.4,8.25
2024/9/14 14:00,17.9,0.41,15,46.65,16.4,7.45,13.9,760.3,-0.3,4,9.3,6.8
2024/9/14 17:00,19.75,0.41,16.15,57.25,15.7,7.6,14.3,760.5,0.2,3,9.7,7.05
2024/9/14 20:00,18.25,0.425,23.3,38.1,18.25,7.95,14.1,761.8,1.4,2,9.9,8.45
2024/9/14 23:00,22.2,0.47,29.9,22.5,22.1,8.55,13,761.2,-0.6,2,10.2,11.05
2024/9/15 2:00,21.3,0.485,30.7,21.35,21.15,9.5,12.7,761.3,0.1,2,9.9,11.3
2024/9/15 5:00,22.3,0.47,24.7,23.55,22.15,8.7,12.1,761.9,0.6,2,9.3,11.9
2024/9/15 8:00,22.35,0.485,22.45,27.25,22.35,9.4,15.2,762.4,0.4,3,9.3,10.9
2024/9/15 11:00,22.85,0.47,19.25,50.45,19.7,9,19.8,761.6,-0.7,4,8.8,9.65
2024/9/15 14:00,27.1,0.45,15.4,81.7,17.55,9.1,23.2,760,-1.5,3,10.3,7.55
2024/9/15 17:00,25.7,0.47,22.4,75.1,20.45,8.85,21.6,760,-0.1,2,10.1,7.6
2024/9/15 20:00,28.4,0.595,40,37.15,27.95,9.25,18.4,760.6,0.7,1,11.2,12.85
2024/9/15 23:00,35.8,0.735,46.25,19.15,35.95,10.7,15.7,760.3,-0.4,1,13.4,16.2
2024/9/16 2:00,39.45,1.075,42.9,7.35,39.45,10.65,15.9,760,-0.2,0,15.7,17.55
2024/9/16 5:00,39.05,0.905,34.1,4.7,38.55,11.2,16.1,760.7,0.6,0,16.1,18.95
2024/9/16 8:00,49.75,1.39,36.95,13,50.8,30.3,21.1,760.8,0.1,1,17.9,25.85
2024/9/16 11:00,44.45,1.175,20.55,70.1,43.3,15.7,25.7,760.8,0,4,18.9,23.3
2024/9/16 14:00,48.75,1.08,15.35,126.55,48.15,13.85,27,760.7,0,3,18,29.5
2024/9/16 17:00,38.8,0.65,32.5,100.95,37.3,12.15,25,761.5,0.7,2,11.9,20.2
2024/9/16 20:00,45.7,0.685,47.2,45.65,47.1,11.55,18.7,762.8,1.3,1,15.9,22.35
2024/9/16 23:00,41.8,0.67,49.45,31.15,43.45,12.6,18.4,762.9,0.2,0,16.9,21.8
2024/9/17 2:00,39.8,0.695,48.35,23.4,40.05,11.3,18.4,763.2,0.3,1,18.1,21.1
2024/9/17 5:00,41.3,0.715,44.85,18.05,41.2,10.65,18.1,763.5,0.2,1,18.1,24.1
2024/9/17 8:00,45.75,0.93,38.05,15.8,48.15,10.45,19,764.1,0.6,1,18.2,27.5
2024/9/17 11:00,50.7,0.86,41.25,51.2,52.05,12.8,21.9,763.9,-0.1,1,15.7,28
2024/9/17 14:00,47.5,0.85,37.8,52.05,50.25,11.7,21.7,763.6,-0.3,1,18.9,27.65
2024/9/17 17:00,44,0.835,41.5,29.55,43.6,9.3,20.2,763.3,-0.4,1,19.5,26.2
2024/9/17 20:00,53.05,1.16,53.45,10.1,53.2,9.1,18.3,763.2,-0.1,1,18.3,34.35
2024/9/17 23:00,58.3,1.52,48.3,6.55,63.3,9.3,18.2,762.7,-0.5,1,18.2,39.3
2024/9/18 2:00,52.75,1.515,35.5,6.05,56.15,9.05,17.9,762.7,0,1,17.9,33.75
2024/9/18 5:00,41.95,1.035,29.5,5.7,42.35,9,17.9,762.8,0.1,1,17.9,26.15
2024/9/18 8:00,38.88888889,0.766666667,29.35,6.611111111,36.05555556,9,18.2,763.5,0.7,1,18.2,19.33333333
2024/9/18 11:00,40.94444444,1.19,38.5,16.6,38.45,11.16666667,20,763.3,-0.2,1,16.6,18.75
2024/9/18 14:00,33.45,1.04,31,65.25,33.45,11.6,23.6,762,-0.3,1,14.9,15.4
2024/9/18 17:00,29.55,0.835,31.95,75.15,29.45,9.7,21.9,761.6,-0.4,1,16.6,13.4
2024/9/18 20:00,47.3,1.285,70.15,18.6,45.65,9.1,17.7,761.8,0.2,0,17.7,19.35
2024/9/18 23:00,44.2,1.13,58.8,7.5,44.8,10.15,16.7,761.6,-0.2,0,16.7,22.5
2024/9/19 2:00,44.8,1.275,38.8,5.1,46.2,11.5,17.4,761.2,-0.4,1,17.4,22.95
2024/9/19 5:00,41.4,1.39,27.7,3.8,41.7,10.3,17.5,761.1,-0.1,1,17.5,18.65
2024/9/19 8:00,41,1.405,28,5.8,39.85,12,18.9,761,-0.1,1,18.9,20.85
2024/9/19 11:00,51.8,1.37,46.65,35.3,55,22.8,24.4,760.3,-0.7,1,18.1,23.7
2024/9/19 14:00,58.25,1.675,27.45,126.75,65.95,18.8,26.6,759.3,-0.9,3,18.2,31.05
2024/9/19 17:00,60.35,1.475,38.8,88.875,70.225,15.525,26.4,760,0.7,1,18,33.25
2024/9/19 20:00,62.45,1.275,50.15,51,74.5,12.25,22.6,761,0.9,1,19.6,35.45
2024/9/19 23:00,34.2,0.415,12.3,51,34.2,8.4,17.7,762.8,1.8,3,11.7,11.7
2024/9/20 2:00,29.6,0.365,12.25,47.85,29.9,8.45,14.6,763.3,0.6,4,9.8,7.6
2024/9/20 5:00,24.6,0.39,14.45,41.35,24.6,8.1,12.7,763.3,0,4,9.5,6.5
2024/9/20 8:00,25.55,0.355,19.25,33.45,22.9,8.3,13.3,763.9,0.5,5,8.2,6.1
2024/9/20 11:00,23.2,0.405,20.9,29.4,22.25,8.15,13.2,764,0.1,4,9.1,5.35
2024/9/20 14:00,21.25,0.405,17.65,35.9,21.25,7.75,12.1,763.7,-0.3,4,8.9,5.7
2024/9/20 17:00,16.35,0.43,21.65,25.75,15.7,7.85,10.4,763.8,0,4,10.2,5.1
2024/9/20 20:00,17,0.43,23.2,21.5,16.85,8.1,10.2,764.2,0.3,4,9.6,6.15
2024/9/20 23:00,18.45,0.44,23.7,14.8,18.45,8.65,10.8,763.8,-0.3,3,8.9,5.95
2024/9/21 2:00,18.5,0.44,24.75,12.4,18.2,8.45,10,763.1,-0.7,3,8.4,6.85
2024/9/21 5:00,18.35,0.455,20.8,13.5,18.35,8.2,9.1,763,-0.2,3,8.5,6.85
2024/9/21 8:00,19.75,0.445,17.8,18.1,19.75,8.65,10.9,763.7,0.8,3,8.1,7.7
2024/9/21 11:00,16.7,0.36,12.75,49.15,15.25,8.6,15.8,763.8,0.1,4,7.6,5.15
2024/9/21 14:00,21.5,0.325,10.6,67.9,14.1,8.3,17.5,763.1,-0.6,5,3.8,3.85
2024/9/21 17:00,22.05,0.33,12.15,64.25,16.95,8.1,16,763.8,0.6,3,5,3.85
2024/9/21 20:00,19.75,0.385,24.9,39.55,18.45,8.3,12.9,764.8,1,2,4.1,5.6
2024/9/21 23:00,24.975,0.4575,28.55,29.65,24.775,9.225,11.7,765.1,0.3,2,4.7,7.75
2024/9/22 2:00,30.2,0.53,32.2,19.75,31.1,10.15,8.1,765,-0.1,1,5.6,9.9
2024/9/22 5:00,31.2,0.51,32,13.85,31.35,9.7,5.4,765.7,0.6,0,5.4,13.25
2024/9/22 8:00,31.15,0.565,31.6,18.35,31.15,10.6,11.7,766.8,1.2,2,6.8,14.6
2024/9/22 11:00,22.45,0.335,15.4,58.05,21.35,8.75,18.2,766.4,-0.3,2,3.3,8
2024/9/22 14:00,25.25,0.3,11.55,78.65,16.1,8.75,20,765.3,-1.2,2,1.4,5.35
2024/9/22 17:00,27,0.335,17.25,83.2,18,8.85,18.7,765.1,-0.2,2,2.5,6.75
2024/9/22 20:00,33.65,0.575,51.6,31.1,33.35,8.85,11,766,0.8,1,6.6,16
2024/9/22 23:00,45.85,0.695,62.85,6.85,48.65,9.35,7.8,766.3,0.4,0,7.8,24.35
2024/9/23 2:00,42.975,0.9475,45.475,7.025,44.325,9.925,7.2,766.2,-0.1,1,7.2,23.425
2024/9/23 5:00,40.1,1.2,28.1,7.2,40,10.5,6.6,766.1,-0.1,1,6.6,22.5
2024/9/23 8:00,41.35,1.27,28.05,16.95,41.35,12.4,11.2,766.1,0,1,8.1,21.85
2024/9/23 11:00,35.25,0.78,31.7,52.35,35.25,12.05,19.6,765.1,-1,1,4.9,17.05
2024/9/23 14:00,28.95,0.59,23.05,82.25,27.3,19.05,22.9,763,-2.1,2,5.3,13.6
2024/9/23 17:00,43.15,1.055,32.45,98.15,43.35,18.15,21.3,762.4,-0.6,2,6.4,21.25
2024/9/23 20:00,59,0.925,62.8,45.6,65.55,13.6,12.5,763.1,0.7,1,9.1,36.95
2024/9/23 23:00,59.55,0.81,56.4,36.3,68.05,24.05,9.8,763.2,0.1,0,9.5,37.95
2024/9/24 2:00,59.45,1.125,53.7,19.45,68.2,35.6,8.6,762.8,-0.3,1,8.6,37.4
2024/9/24 5:00,44.5,1.145,42.8,12.85,45.2,14.45,8.2,762.4,-0.5,0,8.2,25.45
2024/9/24 8:00,35.6,1.145,32.6,29.45,34.05,12.45,16.2,762.4,0,1,13.3,18.75
2024/9/24 11:00,31.85,0.5,15.5,98.6,27.3,14.1,22.4,761.4,-1,4,8.9,14
2024/9/24 14:00,37.95,0.525,14.9,115,30.95,12.3,24.4,759.6,-1.7,4,8,12.15
2024/9/24 17:00,40.3,0.49,22.85,116.1,37.9,12.95,23.1,759.1,-0.5,3,10.2,12.6
2024/9/24 20:00,50.95,0.66,44.45,82.9,53.5,18.55,17.6,759.4,0.3,2,11.4,25.85
2024/9/24 23:00,38.15,0.555,32.25,55.1,38,24.75,13.9,759.8,0.4,0,13.1,19.9
2024/9/25 2:00,32.3,0.43,20.85,66.85,29.85,28.05,12.3,759.4,-0.3,1,12.3,16.4
2024/9/25 5:00,30.85,0.495,19.65,79,29.4,30.4,13.1,759.8,0.3,1,13.1,16.65
2024/9/25 8:00,35.05555556,0.735,39.8,42.83333333,33.7,14.2,16.1,760.9,1.2,2,16.1,21.35
2024/9/25 11:00,23.6,0.505,19.65,49.9,21.55,7.95,15.7,762.2,1.2,2,15.7,14.35
2024/9/25 14:00,20.75,0.42,19,54.75,18.5,7.65,16.6,761.8,-0.4,2,14.1,12.95
2024/9/25 17:00,22.45,0.43,21.2,63,20.15,7.65,17,762.2,0.4,1,12.9,12.2
2024/9/25 20:00,30.55,0.615,51.1,15.1,28.45,7.95,12,762.7,0.5,0,12,18.1
2024/9/25 23:00,47.8,0.79,44.7,5.9,45.15,8.8,10.6,762.7,0,1,10.6,30.9
2024/9/26 2:00,42.55,0.97,35.05,4.85,41.55,8.95,11.9,762.8,0.1,2,11.9,26.1
2024/9/26 5:00,41.95,0.82,32.75,6.15,34.05,8.15,11.2,763.3,0.4,1,11.2,25.35
2024/9/26 8:00,28.2,0.965,33.15,11.85,25.05,8.95,12.3,764.1,0.8,1,12.3,15.05
2024/9/26 11:00,23.75,0.54,27.35,58.6,23.55,8.5,20.1,763.1,-0.9,3,12.6,12.4
2024/9/26 14:00,31.25,0.375,11.6,93.6,17.85,7.85,22.8,761.8,-1.3,2,9.6,10.5
2024/9/26 17:00,28.25,0.4,17.7,86.25,17.8,7.9,21,761.5,-0.3,2,9.6,9.6
2024/9/26 20:00,32.9,0.66,57.65,27.5,29.65,8.8,13.2,762.4,0.9,1,11.4,13.7
2024/9/26 23:00,42.45,0.82,62.45,8.35,42.75,9.1,11.1,763,0.5,0,11.1,20.4
2024/9/27 2:00,46.8,0.895,46.15,4.8,48,10.2,10,762.7,-0.3,1,10,25.35
2024/9/27 5:00,44.15,1.14,35.9,4.6,45.05,10.9,8.8,763.1,0.5,1,8.8,27.3
2024/9/27 8:00,43.6,1.235,34.3,11.85,39.6,12.25,13.5,764.1,0.9,1,12.1,23.05
2024/9/27 11:00,43.65,0.86,33.6,63.9,43,11.6,21.6,763.5,-0.6,2,11,21.6
2024/9/27 14:00,33.7,0.535,18.45,102.4,26.75,8.95,23.7,762.3,-1.1,2,6.5,13.55
2024/9/27 17:00,33.15,0.48,28.95,92.9,32.1,8.85,19.4,762.1,-0.2,1,10.7,13.05
2024/9/27 20:00,52.55,1.02,86,16.65,55.3,9.95,13.1,763.1,1,0,11.7,25.9
2024/9/27 23:00,81.6,1.37,74.9,6.25,98.25,10.45,10.5,763.3,0.2,0,10.5,55.2
2024/9/28 2:00,70.43703704,1.32,61.73333333,8.574074074,81.88333333,11.13333333,9.4,763.9,0.6,0,9.4,45.43333333
2024/9/28 5:00,59.27407407,1.27,48.56666667,10.89814815,65.51666667,11.81666667,8,764.2,0.3,0,8,35.66666667
2024/9/28 8:00,48.11111111,1.22,35.4,13.22222222,49.15,12.5,14.8,764.9,0.7,1,12.1,25.9
2024/9/28 11:00,45.5,0.9325,25.9,74.31111111,41.325,12.41666667,24.7,764.5,-0.4,2,10.6,21.15
2024/9/28 14:00,42.88888889,0.645,16.4,135.4,33.5,12.33333333,26.2,763.3,-1.1,4,8.7,16.4
2024/9/28 17:00,47.4,0.91,33.75,113.85,48.85,14.4,23.9,763.3,-0.2,2,10.2,20.05
2024/9/28 20:00,66.1,1.03,69.95,50.95,80.85,14.1,16,764.5,1.3,1,12.6,39.85
2024/9/28 23:00,76.3,0.95,57.8,44.2,89.85,28.6,14.1,764.6,0.1,1,13.8,52.5
2024/9/29 2:00,63.35,0.995,59.35,17.25,74.1,27.75,13.8,765.2,0.6,1,13.8,41.45
2024/9/29 5:00,53,1.1,53.35,10.1,56.45,13.7,12.7,764.1,-1.1,1,12.7,30.1
2024/9/29 8:00,47.75,0.995,49.1,21.45,48.95,11.95,17.1,764.7,0.5,1,17.1,25.65
2024/9/29 11:00,37.4,0.635,14.85,91.45,37.2,14.35,26.1,763.5,-1.1,4,16.6,19.2
2024/9/29 14:00,39.25,0.53,12.8,108.45,37.05,10.35,26.9,762.4,-1,5,15.3,18.95
2024/9/29 17:00,37.1,0.525,19.8,90.6,37,11.8,24.6,761.6,-0.9,2,15.5,19.45
2024/9/29 20:00,41.7,0.625,25.2,73.35,42.5,19.9,20.3,761.8,0.2,1,15.9,22.5
2024/9/29 23:00,37.45,0.6,26.7,62.2,36.15,23.95,20.3,761.9,0.2,2,16.5,20.3
2024/9/30 2:00,36.65,0.665,19.85,63.35,36.8,12.5,20.6,762.5,0.6,2,17.6,19.95
2024/9/30 5:00,28.25,0.46,9.25,32.75,28.25,8.3,15.5,764,1.4,5,9,8.8
2024/9/30 8:00,19.8,0.425,16.25,32.1,23.55,7.95,12.7,765.2,1.2,4,8,6.95
2024/9/30 11:00,19.5,0.41,16.1,38.35,17.35,8.2,10.4,766.1,0.9,3,7.3,5.45
2024/9/30 14:00,16.3,0.425,16.65,37.8,13.4,7.95,9,764.5,-1.6,2,8.9,4.95
2024/9/30 17:00,15.2,0.41,19.9,34.45,17.25,7.7,8.8,764,-0.6,2,8.2,4.2
2024/9/30 20:00,18.35,0.475,25.8,26.1,16.45,8.3,8.5,764.2,0.2,1,8.4,4.2
2024/9/30 23:00,15,0.425,21.45,27.3,13.65,8,8.2,763.2,-1,1,7.1,3.75
2024/10/1 2:00,17.6,0.44,25.35,18.8,16.3,8.4,7.5,762.4,-0.9,1,7.5,3.75
2024/10/1 5:00,17.75,0.475,28.4,6.55,17.15,8.45,5.4,762.2,-0.2,1,5.4,5.4
2024/10/1 8:00,19.55,0.555,25.3,12.7,17.15,9.85,7.8,762.7,0.5,1,7.8,6.9
2024/10/1 11:00,23.7,0.44,23.6,33.45,23.4,12.15,13.4,762.1,-0.5,3,5.8,9.2
2024/10/1 14:00,18.85,0.305,9.55,58.25,11.7,8.05,14.7,761.2,-0.9,3,-0.2,4.6
2024/10/1 17:00,21.25,0.41,25.1,40.65,16.325,8.2,14,762,0.8,2,0.6,6.25
2024/10/1 20:00,23.65,0.515,40.65,23.05,20.95,8.35,7.2,763.5,1.4,1,4,7.9
2024/10/1 23:00,36.9,0.675,51.1,6.1,36.4,9.25,4.8,764,0.6,1,4.8,18.1
2024/10/2 2:00,40.3,0.54,39.5,5.3,40.55,10.85,3.7,764,0,2,3.7,21.3
2024/10/2 5:00,49.15,0.8,36.5,5.25,50.85,23.9,2.7,764.5,0.4,1,2.7,26.75
2024/10/2 8:00,49.95,1.275,33.5,15.05,53,29.65,9,765.7,1.2,2,3.6,26.55
2024/10/2 11:00,32.25,0.565,20.05,44.5,32.25,13.15,14.1,766,0.4,3,2.4,15.85
2024/10/2 14:00,23.65,0.35,10.7,70.6,19.7,10.15,17,765.4,-0.6,4,1,8.9
2024/10/2 17:00,23.65,0.365,14.45,73.25,18.75,10.15,16,765.4,0,3,0.9,8.1
2024/10/2 20:00,34.4,0.55,46.2,30.5,33.9,12.65,7.8,767,1.5,1,4.7,17.15
2024/10/2 23:00,40.25,0.545,38.55,26.25,40.25,16.95,5.8,767.8,0.9,0,5.4,22.7
2024/10/3 2:00,42.525,0.8825,38.95,15.7,42.825,15.175,4.1,768.3,0.5,0,4.1,24.375
2024/10/3 5:00,44.8,1.22,39.35,5.15,45.4,13.4,3.8,768.7,0.3,1,3.8,26.05
2024/10/3 8:00,42.1,1.155,30.05,18.35,41,13,9.8,769.1,0.4,2,6.2,24.35
2024/10/3 11:00,34.55,0.9,28.05,54.45,34.55,17.85,19.2,768.7,-0.4,2,4.9,18.2
2024/10/3 14:00,30.8,0.44,13.55,97.7,20.4,12.15,21.2,766.8,-1.8,2,2.5,9.85
2024/10/3 17:00,31.3,0.55,21,95.35,25.7,12.35,18.7,766.4,-0.4,2,5.9,11.85
2024/10/3 20:00,45.55,0.75,60.6,33.35,46.4,11.65,9.7,766.9,0.4,0,6.6,23.95
2024/10/3 23:00,53.45,0.76,50.8,35.2,59.5,30.9,7.3,767.5,0.7,1,7.3,33.35
2024/10/4 2:00,51.85,1.15,54.5,14.7,54.85,20.9,5.8,767.5,-0.1,0,5.8,30
2024/10/4 5:00,48.4,1.525,48.8,15.8,49.65,14.35,4.9,767.8,0.3,1,4.9,26.2
2024/10/4 8:00,42.85,1.395,42.6,35.55,42.7,16.3,12.1,767.8,0,1,10.2,22.45
2024/10/4 11:00,39.3,0.775,19.05,111,39.15,15.05,21.2,767.2,-0.5,6,5.6,20.5
2024/10/4 14:00,43.5,0.6,14.35,133.45,37.75,11,21.6,766,-1.2,6,7.8,15.05
2024/10/4 17:00,42.25,0.45,16.9,130.05,37.2,9.65,19.5,766.1,0.1,4,6.9,13.8
2024/10/4 20:00,42.5,0.525,23.15,122.05,42.5,10.45,16.8,766.6,0.5,3,8.8,20.75
2024/10/4 23:00,55.45,0.85,34.05,94.6,57.5,30.55,10.9,766.7,0.2,0,9.7,33.9
2024/10/5 2:00,45.45,0.7925,27.05,94.3,45.5,24.675,8.9,766.7,0,0,8.9,26.725
2024/10/5 5:00,35.45,0.735,20.05,94,33.5,18.8,8.1,766.6,-0.1,0,8.1,19.55
2024/10/5 8:00,37.3,0.885,30.05,88.5,37.15,14.95,15.1,766.9,0.3,1,10.5,20.15
2024/10/5 11:00,47.7,0.705,22.1,138.2,45.6,16.15,21.7,766.6,-0.4,4,9.6,24.3
2024/10/5 14:00,70.7,0.675,18.05,176.4,49.8,13.65,23.2,765.7,-0.9,5,8.9,25.25
2024/10/5 17:00,66.2,0.72,40.95,130.125,60.05,13.1,21,766.6,1,2,9.6,32.45
2024/10/5 20:00,61.7,0.765,63.85,83.85,70.3,12.55,12.9,766.9,0.2,0,10.3,39.65
2024/10/5 23:00,88.5,0.97,82.4,33.4,104,21.25,10.3,767.5,0.6,0,9.8,64.65
2024/10/6 2:00,87.85,0.95,69.05,23.45,105,15.2,10.2,767.2,-0.3,1,10,64.05
2024/10/6 5:00,79.8,1.385,50.35,23.15,87.75,12.45,10.3,767.2,0.1,1,9.2,58.2
2024/10/6 8:00,75.3,1.72,52.45,17.65,80.25,13.75,12,767.3,0,1,10.2,54.85
2024/10/6 11:00,91.8,1.445,49.6,39.15,95.75,16.45,16.3,767.4,0.1,2,11,68.25
2024/10/6 14:00,52.4,0.625,26.45,37.75,53.15,10.35,15.1,766.4,-1,3,9.9,34.05
2024/10/6 17:00,36.6,0.49,25.7,35.8,37.8,8.75,10.8,767,0.6,4,8.4,22.3
2024/10/6 20:00,33.85,0.5,24,32.8,34.7,8.1,9.8,767.9,0.9,3,9.8,21.35
2024/10/6 23:00,34,0.5,18.15,33.75,35.2,8.15,9.7,768.5,0.6,2,9.7,22.65
2024/10/7 2:00,32.95,0.46,16.45,32.35,33.15,8.15,9.8,768.4,-0.2,3,9,22.35
2024/10/7 5:00,30.05,0.47,18.5,28.6,27.35,9.2,9.1,768.7,0.3,2,8.3,20.15
2024/10/7 8:00,27.2,0.46,21.2,32.75,23.7,9.8,10.6,768.9,0.3,2,7.8,18.45
2024/10/7 11:00,23.95,0.44,17.05,60.75,22.25,9.85,14.6,768.3,-0.6,4,4,15.45
2024/10/7 14:00,26.05,0.4,12.65,82.1,19.05,9,16.3,766.3,-2,3,1.2,12.15
2024/10/7 17:00,24.75,0.4,17.55,77.45,20.45,8.9,14.6,766.2,-0.1,2,2.8,12.75
2024/10/7 20:00,44.1,0.775,57.75,18.55,42.4,9.15,7.4,766.7,0.4,0,5.2,27.2
2024/10/7 23:00,68.25,1.075,53.65,5.75,72.75,9.85,4.7,766.8,0.2,0,4.7,47.4
2024/10/8 2:00,59.1,0.81,45.55,4.6,66.15,10.15,3.5,766.5,-0.3,1,3.5,38.65
2024/10/8 5:00,56.3,1.395,35.55,5.45,59.95,11.75,2.3,766.6,0,0,2.3,37.65
2024/10/8 8:00,50.85,1.49,32.65,13.35,55,13.35,7.7,767.2,0.6,1,5.3,37.4
2024/10/8 11:00,53.45,0.92,36.75,50.55,56.45,29.55,17.1,766.2,-0.9,2,3,35.85
2024/10/8 14:00,37.65,0.715,23.35,80.95,37.35,15.65,20.5,764.6,-1.6,1,1.4,23
2024/10/8 17:00,48,0.765,33.6,83.85,50.05,13.85,15.5,764.1,-0.5,0,6.2,28.55
2024/10/8 20:00,66.5,1.315,85.4,10.45,76.35,14.1,8.5,764.5,0.3,0,6.1,45.05
2024/10/8 23:00,87.6,1.495,68.7,6.3,107.9,15.7,6.1,764.6,0.2,1,6.1,64.05
2024/10/9 2:00,68.5,1.105,53.1,4.8,81.9,16.4,4.2,764,-0.6,0,4.2,47.6
2024/10/9 5:00,56.15,1.27,40.4,9.15,60.95,14.3,4.4,763.6,-0.5,2,4.4,36.2
2024/10/9 8:00,52.2,1.525,37.45,16.8,53.1,15.15,9.5,763.3,-0.2,2,5.7,32.75
2024/10/9 11:00,42.7,0.935,32.4,58.7,43.15,18.7,20.1,762,-1.3,4,1.5,22
2024/10/9 14:00,38.85,0.58,15.95,104.95,38,13.35,21.3,760,-1.9,4,1.6,14.5
2024/10/9 17:00,38.85,0.6,30.6,88.75,39.15,14.1,18.4,759.6,-0.5,1,3.1,15.9
2024/10/9 20:00,57.4,0.675,52.3,48.65,64.75,27.6,15,760,0.4,2,5.5,28.6
2024/10/9 23:00,52.15,0.64,28.45,68.15,56.55,28.3,11.8,759.7,-0.2,2,9,30.3
2024/10/10 2:00,41.65,0.525,20.15,79.75,41.8,31.1,12.9,759.1,-0.5,2,8.4,23.85
2024/10/10 5:00,43.85,0.635,17.2,79.05,41.25,10.85,12.6,760.3,1.1,2,12.1,28.35
2024/10/10 8:00,20.4,0.43,24.05,31.45,19.9,9.05,12.6,763.2,2.8,2,6.4,9.7
2024/10/10 11:00,19.35,0.36,11,57,16.9,8.85,15.5,763.3,0.2,2,2,8.1
2024/10/10 14:00,23.1,0.3,10.35,72,14.05,8.35,16.9,762.1,-1.3,2,-3.8,6.55
2024/10/10 17:00,21.45,0.345,22.45,61.65,16.8,8.7,13.4,762.1,0.1,1,1.1,6.7
2024/10/10 20:00,38.75,0.645,62.95,11.7,36.55,10.15,6.5,762.4,0.2,0,2.4,16.05
2024/10/10 23:00,58.35,0.935,59.3,6.05,64.25,18.05,4.1,762.5,0.1,1,2.6,35.2
2024/10/11 2:00,47.35,0.76,51.35,4.75,48.7,13.45,2.9,762.3,-0.2,0,2.9,22.7
2024/10/11 5:00,48,1.33,47.4,5.2,48.45,17.1,2.1,761.9,-0.4,0,2.1,23.9
2024/10/11 8:00,42.85,1.385,42.7,17.25,42.85,13.65,9.3,762,0.1,1,7.4,21.9
2024/10/11 11:00,38.65,0.78,23.3,67.75,38.65,17.65,19.6,761.6,-0.3,4,8.3,15.1
2024/10/11 14:00,46.15,0.815,20.85,102.2,47.5,15.8,22,760.7,-0.9,6,7,16.55
2024/10/11 17:00,56.45,0.815,26.05,125.9,62.3,13.85,19.4,761.9,1.1,3,7.2,24
2024/10/11 20:00,54.85,0.73,28.75,100.3,63.55,10.65,16,763.6,1.7,2,12.6,28.65
2024/10/11 23:00,60.25,0.87,39.3,54.75,68.35,19.75,10.5,765.1,1.5,1,10.5,34.35
2024/10/12 2:00,69.25,1.005,56.75,14.7,79.2,16.2,10.8,765.9,0.8,0,10.8,45.9
2024/10/12 5:00,37.4,0.565,32.1,29.95,40.05,11.55,12.4,767.1,1.2,2,6.2,18.55
2024/10/12 8:00,31.1,0.48,35.35,20.65,31.1,10.65,13.2,768.4,1.4,2,3.3,12.7
2024/10/12 11:00,56.9,1.14,41.45,52.7,66.25,15.5,18.8,768.1,-0.3,1,9.8,30.1
2024/10/12 14:00,60.95,0.975,33.4,111.45,70.6,15.65,21,767.1,-1.1,1,10.5,38.3
2024/10/12 17:00,63.1,0.975,44.95,104.15,75.55,14.5,17.4,766.9,-0.2,0,11.4,38.05
2024/10/12 20:00,82.15,1.54,117.35,8.5,109.35,12.25,12.4,767.6,0.7,0,11.9,59.05
2024/10/12 23:00,102.55,1.5,101.85,5.8,129.35,13.6,10.4,767.6,0.1,0,10.4,76.35
2024/10/13 2:00,96.2,1.385,65.8,11.7,118.6,18.6,9,767.5,-0.1,1,9,70.8
2024/10/13 5:00,91.4,1.865,58,6.3,106.65,12.8,7.7,767.5,-0.1,1,7.7,67.75
2024/10/13 8:00,81.55,2.065,54.9,14,88.05,14.35,12.2,768,0.5,1,12.2,59.8
2024/10/13 11:00,55.85,1.015,31.1,114.2,57.35,24.05,21.9,767,-0.9,4,8.8,36.95
2024/10/13 14:00,51.55,0.81,25.1,137.85,53.5,15.45,22.5,765.4,-1.6,3,8.6,28.85
2024/10/13 17:00,56.95,1.005,43.4,103.8,63.65,17.45,19.7,765.1,-0.4,1,9,28.5
2024/10/13 20:00,78.5,1.175,84.1,40.94444444,104.15,21.35,14.6,765,-0.1,1,10.8,46.8
2024/10/13 23:00,65.05,0.82,43.65,66.3,79.45,32.2,13.5,764.6,-0.3,1,10.5,40.05
2024/10/14 2:00,55.5,0.62,26.95,77.45,59.45,38.05,10.8,763.9,-0.7,1,10.6,31.85
2024/10/14 5:00,53.75,0.665,26.8,81.1,57.6,30.8,11.3,763.1,-0.8,1,11.3,30.55
2024/10/14 8:00,53.2,0.89,28.9,71,53.55,12.4,18.2,762.3,-0.9,2,13.5,32.1
2024/10/14 11:00,39.25,0.57,16.3,108.55,38.25,12.25,21.8,761.2,-0.9,5,12.1,20.25
2024/10/14 14:00,41.55,0.54,15.1,116.3,40.5,11.3,23.6,759.7,-1.5,4,12.6,19.55
2024/10/14 17:00,41.75,0.57,21.9,105.15,41.75,12.75,21.8,759.3,-0.5,3,12.4,19.85
2024/10/14 20:00,31.75,0.53,21.35,83.8,31.45,16,17.7,760.5,1.2,2,13,15.9
2024/10/14 23:00,27.25,0.495,21.75,75.6,23,24,17,761.2,0.8,2,13.7,12.3
2024/10/15 2:00,29,0.355,12.7,42.55,29,9.25,11.5,763.9,2.6,4,5.2,12.2
2024/10/15 5:00,23.1,0.33,11.55,49.7,22.5,9.35,9.4,766.3,2.3,3,1.8,8.85
2024/10/15 8:00,25.7,0.335,16,51.5,20.85,8.95,8.5,768.8,2.5,3,-2.2,6.6
2024/10/15 11:00,23.65,0.335,13.25,65,15.95,8.6,11.1,769,0.2,4,-5,4.15
2024/10/15 14:00,23.7,0.35,9.8,73.45,15.95,8.45,12.3,768.9,-0.1,3,-5.2,3.9
2024/10/15 17:00,22.5,0.305,14.85,69.15,15.25,8.8,9.8,769.5,0.5,2,-6.5,4.05
2024/10/15 20:00,21.4,0.39,30.15,39.9,20.65,9.6,6,770.8,1.3,1,-4.2,5.55
2024/10/15 23:00,29.7,0.45,38.4,22.9,29,11.15,1.8,770.8,0,1,-1.8,10.1
2024/10/16 2:00,32.65,0.51,40.7,14.25,32.25,9.85,-0.5,770.5,-0.3,1,-1.2,13.35
2024/10/16 5:00,43.8,1.045,42.5,5.95,46.3,13.85,-0.4,770.2,-0.3,1,-1.2,23.85
2024/10/16 8:00,44.83333333,1.23,34.83333333,18.9,44.45,13.5,4.4,770.5,0.3,1,-0.8,23.55
2024/10/16 11:00,36.35,0.67,32.8,44.95,36.35,11.7,12.5,769,-1.5,2,-2.2,17.9
2024/10/16 14:00,43.7,1.065,35.25,61.45,44.2,31.65,17,766.3,-2.7,3,-3.7,22.7
2024/10/16 17:00,58,1.785,58.25,48.4,65.5,23.95,15.2,766,-0.3,1,0.2,32.9
2024/10/16 20:00,58,0.755,36.95,55.4,65.9,15.9,13.8,766.6,0.6,2,1.4,31.9
2024/10/16 23:00,59.85,1.22,58.85,23.85,70.05,26.2,7.9,766.9,0.3,0,3.6,36.7
2024/10/17 2:00,75.85,1.49,68,7.9,96.4,25.95,7.2,766.8,0,1,4.3,52.75
2024/10/17 5:00,65.35,1.75,60.6,6.2,79.6,19.3,9.6,766.9,0,0,4.8,44.35
2024/10/17 8:00,60.3,1.735,61.3,9.6,69.4,18.05,12.3,767.3,0.5,0,6.8,37.35
2024/10/17 11:00,70.4,2.285,59.85,30.75,88.75,19.2,18.1,766.6,-0.8,2,8.4,47.9
2024/10/17 14:00,88.7,0.915,28.65,102.65,95.65,14.3,20.4,765.1,-1.4,3,13.4,65.15
2024/10/17 17:00,83.05,0.9,40.55,80.45,93.15,18.45,19,764.3,-0.7,1,11.3,61.05
2024/10/17 20:00,88.55,1.115,58.5,42,109.55,29.5,15.3,764.5,0.2,0,11.7,65.15
2024/10/17 23:00,73.15,1.145,52.95,34.6,81.1,36.85,12.9,764.8,0.3,0,11.5,52.1
2024/10/18 2:00,66.5,1.08,43.15,41.9,73.45,22,12.4,764.4,-0.5,0,11.6,46
2024/10/18 5:00,78.15,1.04,42.35,40.95,80.45,30.5,12.7,763.7,-0.6,0,12.4,56.9
2024/10/18 8:00,81.6,1.23,58.35,13.85,85.3,20.15,15.2,765,1.2,1,13.6,59.65
2024/10/18 11:00,29.85,0.48,18.4,45.1,28.7,10.05,11.9,766.3,1.2,5,8,18.55
2024/10/18 14:00,25.4,0.415,17.55,36.8,24,9.4,10.7,766.4,0.2,6,5.7,14.45
2024/10/18 17:00,22.25,0.35,19.1,48.3,22.2,9.65,10.3,767.9,1.5,4,2.4,9.05
2024/10/18 20:00,27.55,0.305,12.65,63.6,27.25,9.25,7.1,770.7,2.8,5,-9.7,7.4
2024/10/18 23:00,28.55,0.265,10.2,54.05,28.55,9.15,4.8,773.1,2.3,5,-13.1,5.1
2024/10/19 2:00,29.3,0.265,8.65,51.95,29.3,9.1,2,775.2,2,4,-13.4,4.85
2024/10/19 5:00,25.4,0.265,9.05,47.6,25.4,9.1,-0.1,776.8,1.7,4,-12.4,4.65
2024/10/19 8:00,25,0.3,13.15,44.25,25,8.9,0.7,778.7,1.8,5,-14.5,4.6
2024/10/19 11:00,27.25,0.26,9.65,50.5,26.05,8,3.3,778.7,0,5,-15.4,4.9
2024/10/19 14:00,23.35,0.27,9.35,55.45,23.25,8.45,5.3,777.8,-0.9,5,-14.2,4.75
2024/10/19 17:00,22.35,0.27,15.15,48.6,22.35,8.45,3.8,778.3,0.4,5,-13,6.05
2024/10/19 20:00,29.55,0.38,30.5,27.75,29.55,9.15,2.1,779.2,1,3,-11.8,12.85
2024/10/19 23:00,27.25,0.355,28,26.5,27.25,9.05,0.6,779.1,-0.2,2,-10.5,11.85
2024/10/20 2:00,30.45,0.37,29.8,22.9,30.45,9.45,0.1,778.5,-0.6,2,-11,15.8
2024/10/20 5:00,28.8,0.4,23.15,28.45,28.8,10.6,-2,776.7,-1.8,2,-10.8,14.95
2024/10/20 8:00,33.45,0.605,27.65,26.55,32.4,11.7,1.2,776.2,-0.4,2,-8.6,17.9
2024/10/20 11:00,34.7,0.615,24.9,48.65,34.7,11.55,9.3,774.2,-2,2,-7,18.6
2024/10/20 14:00,38.8,0.545,25.6,65.6,38.8,19.75,15.7,771.3,-2.8,2,-0.5,19.05
2024/10/20 17:00,52.9,0.65,46.3,54.2,54.3,14.85,12.2,770.2,-1.1,1,1.2,31
2024/10/20 20:00,54.9,0.665,37.25,49,59.15,21.95,11,768.9,-1.3,2,2.8,29.45
2024/10/20 23:00,34.2,0.47,18.8,66.2,34.2,17.65,12.7,767.7,-1.1,3,4.2,14
2024/10/21 2:00,43,0.485,23.05,49.45,44.35,12.15,11.1,766.9,-0.9,2,7.2,17.15
2024/10/21 5:00,45.25,0.755,25.05,30.95,43.4,11.1,9.2,766,-0.8,2,9.2,25.95
2024/10/21 8:00,25.5,0.545,26.2,28.6,26.25,10.25,9.8,766.1,0.1,3,9.2,15.1
2024/10/21 11:00,27.15,0.6325,25.25,39.3,26.4,11.55,12.3,765.8,-0.3,4,9.5,16.475
2024/10/21 14:00,28.8,0.72,24.3,50,26.55,12.85,15.5,764.4,-1.4,4,9.8,17.85
2024/10/21 17:00,38.65,1,36.6,51.6,37.95,15.3,14.7,764.9,0.5,3,9.3,23.9
2024/10/21 20:00,42.65,0.73,31.85,63.65,42.05,11.25,11.6,767,2.1,2,7.5,25.6
2024/10/21 23:00,39.95,0.645,34.55,48.7,39.35,10.15,8.6,768.3,1.3,1,8.2,23.95
2024/10/22 2:00,45.25,0.7,45.7,17.55,44.85,10.5,5.8,768,-0.3,1,5.8,28.2
2024/10/22 5:00,31.15,0.48,28.5,34.65,31.15,10.9,7.9,767.8,-0.2,3,3,17.45
2024/10/22 8:00,26.65,0.455,37.85,28.5,28.55,10.15,8.6,767.5,-0.4,3,-1.8,15.85
2024/10/22 11:00,30.1,0.445,30.55,43.65,30.1,9.65,9.1,767.1,-0.4,2,-1.6,15.55
2024/10/22 14:00,30.5,0.445,25.8,46.65,30.3,10,6.5,764.8,-2.3,4,1.2,17.7
2024/10/22 17:00,23.95,0.405,24.75,41.85,22.85,8.35,2.5,765.7,0.9,3,2.1,15.5
2024/10/22 20:00,28.75,0.51,25.2,39.7,25.2,8.35,2.3,764.6,-1.1,3,2.3,19.35
2024/10/22 23:00,27,0.435,18.8,41.7,22.2,8.45,3.2,763.5,-1.1,3,2,18.3
2024/10/23 2:00,28.3,0.405,25.55,19.5,25.7,9.45,3.2,763.3,-0.2,1,1.2,19.5
2024/10/23 5:00,26.3,0.405,24.85,17.2,22.5,8.8,3,764.2,0.8,2,0.4,17.9
2024/10/23 8:00,42.65,0.54,28.2,17.4,36.65,8.95,4,765.3,1.1,2,1,29.45
2024/10/23 11:00,36.15,0.49,21.85,46.3,31.2,9.25,8.6,765.5,0.3,2,-1,25.05
2024/10/23 14:00,29.65,0.415,22.15,63.25,26.5,10.05,10.7,764.3,-1.2,2,-0.7,20.3
2024/10/23 17:00,35,0.465,32.1,58.45,32.45,16.1,7,764,-0.3,0,0.9,23.35
2024/10/23 20:00,57.3,0.77,70.25,10.8,56.7,13.75,2.7,764.8,0.7,0,1.7,40.1
2024/10/23 23:00,65.7,1.155,56.35,5.8,67.35,12.8,2.6,764.5,-0.2,1,1.9,47.35
2024/10/24 2:00,50.15,1.005,43.6,10.85,49.4,12.1,3,764.3,-0.2,1,1.1,33.2
2024/10/24 5:00,48.9,1.265,45.45,10.45,46.45,13.6,3.4,764.5,0.2,2,2.1,32.65
2024/10/24 8:00,58.65,1.54,50.4,10.45,59.95,15.5,6.8,765.9,1.4,0,5.6,40.9
2024/10/24 11:00,88.8,1.16,36.25,55.45,96.25,21.5,14.9,766.4,0.5,3,8.6,66.35
2024/10/24 14:00,61.2,0.78,29.15,86.95,60,17.55,17.2,765.7,-0.7,3,4.9,43.45
2024/10/24 17:00,56.45,0.765,51.65,57.95,58,13.7,12.4,766.2,0.5,0,4.9,39.4
2024/10/24 20:00,93.8,1.65,95.7,10.1,118.05,13.5,6.4,767.2,1,0,4.4,69.65
2024/10/24 23:00,99.2,1.435,79.15,6.9,122.95,18.65,5.1,768,0.9,1,5.1,74.05
2024/10/25 2:00,72.3,1.12,53.1,17.85,82.65,22.95,4.3,768.2,0.2,1,4.3,51.3
2024/10/25 5:00,75.95,1.165,41.8,31.75,80.6,13.95,4.2,768.4,0.1,0,4.2,53.85
2024/10/25 8:00,84,1.17,54.3,34.85,91.45,15.25,9.8,768.8,0.4,1,9.8,62.1
2024/10/25 11:00,87.45,0.945,28.65,118.15,86.65,18.55,18.5,768.7,0,4,8.5,64.65
2024/10/25 14:00,94.65,0.895,22.65,152.95,93.9,14.75,20.1,767.9,-0.8,4,8.8,70.4
2024/10/25 17:00,96.9,0.895,34.65,137.75,95.05,12.6,17.4,768.4,0.5,2,9.1,72.15
2024/10/25 20:00,117.1,1.06,78.1,61.75,115.2,16.25,10,769.6,1.1,1,8.4,88.25
2024/10/25 23:00,160.8,1.635,109.3,6.8,172.85,13.55,7.6,769.9,0.3,0,7.6,121.85
2024/10/26 2:00,158.45,1.565,83.25,6.5,173.95,12.55,6.2,769.5,-0.3,0,6.2,120.05
2024/10/26 5:00,133.3,1.375,54.25,6.3,157.4,11,6.2,769.2,-0.3,0,6.2,101.1
2024/10/26 8:00,105.1,1.285,45.8,8.25,110.75,11.05,8.6,769,-0.3,1,8.6,78.65
2024/10/26 11:00,100.4,1.245,52.6,28.15,103.5,12.05,13.2,767.8,-1.2,2,8.3,75.1
2024/10/26 14:00,89.15,0.98,44.45,63.45,94.05,11.8,15.4,765.5,-2.2,2,7.7,66
2024/10/26 17:00,79.1,0.805,47.15,43.15,84,12.25,12.9,765.9,0.4,2,4.8,57.65
2024/10/26 20:00,85.6,0.835,51,25.2,92.55,11.5,8.8,766.2,0.2,1,3.4,63.2
2024/10/26 23:00,49,0.55,31,23.86363636,48.45454545,9.363636364,8.7,766.5,0.4,3,0.4,30.77272727
2024/10/27 2:00,37.9,0.48,18.8,27.9,34.75,8.5,5.9,766.9,0.4,2,3.2,25.2
2024/10/27 5:00,40.9,0.455,18,31.7,36.2,8.9,5.2,767.7,0.7,3,2,27.8
2024/10/27 8:00,44.05,0.455,24.05,34.8,40.7,8.8,5,768.1,0.4,3,1.8,30.3
2024/10/27 11:00,22.45,0.41,18.65,56.35,20.3,8.55,5.4,767.8,-0.3,3,0.2,13.3
2024/10/27 14:00,23.2,0.41,20.5,50.55,20.2,8.45,5.7,766.8,-1,3,0.3,15.65
2024/10/27 17:00,28.45,0.435,25.35,41.3,23.9,8.5,5,766.7,-0.1,3,0.2,19.45
2024/10/27 20:00,35.55,0.535,42.7,18.65,31.65,9.35,1,766.6,-0.2,1,0.1,24.45
2024/10/27 23:00,44.3,0.655,45.1,13.8,39.05,10.05,-1.1,766,-0.5,0,-1.1,30.05
2024/10/28 2:00,51.3,0.995,41.85,9.6,50.6,10.2,-1.9,765.7,-0.3,1,-1.9,34.7
2024/10/28 5:00,48.9,1.005,38.15,8.1,47.75,10.2,-2.1,765.2,-0.6,0,-2.1,33.9
2024/10/28 8:00,49.15,1.125,34.3,14.6,50.3,12.25,1.8,765.7,0.6,2,1.8,33.2
2024/10/28 11:00,47.45,1.09,37.3,41.3,47.25,12.85,10.6,765.2,-0.5,1,0.9,30.35
2024/10/28 14:00,28.75,0.65,24.5,75.75,25.55,11.95,15.5,763.4,-1.8,2,0.5,17.2
2024/10/28 17:00,29.45,0.615,43.55,48.9,27.75,11.05,10.4,763,-0.4,0,0.2,15.5
2024/10/28 20:00,61.85,0.975,75,11.55,70.2,12.9,4.9,763.6,0.6,1,1.6,40.65
2024/10/28 23:00,74.75,1.2,71.25,8.25,87.6,13.45,1.6,763.5,-0.1,1,0.3,54.25
2024/10/29 2:00,122.05,1.415,60.5,8,140.9,13.85,-0.1,763.6,0.1,0,-0.1,92.3
2024/10/29 5:00,118.1,1.285,49.6,6.85,125.7,16.3,-1.4,763.2,-0.4,0,-1.4,89.1
2024/10/29 8:00,107.25,1.82,49.75,9.2,111.95,20.3,4.5,763.3,0.1,1,1.2,80.45
2024/10/29 11:00,71.35,1.415,47.6,48.25,77.15,27.6,17.1,762.1,-1.2,4,4.1,51.25
2024/10/29 14:00,74,0.855,24.3,124,80.65,15.55,17.7,760.9,-1.1,6,3.2,54.05
2024/10/29 17:00,64.25,0.815,26.4,103.6,69.05,14.55,15.3,761.8,0.8,4,7.6,45.15
2024/10/29 20:00,74.15,0.79,23.35,107.7,74.8,12.55,13.9,763,1.2,5,8.1,54
2024/10/29 23:00,74.1,1.235,34.75,75.8,79.7,18.6,12.2,764.3,1.5,3,6.9,53.95
2024/10/30 2:00,65.9,0.81,32.85,35.15,68.4,12.6,9.6,766.6,2.2,2,5.2,47.25
2024/10/30 5:00,57.55,0.7,36.05,20.65,55.3,12,5.5,768.2,1.6,1,4.9,39.95
2024/10/30 8:00,88.3,0.82,40.7,14.4,100.6,12.55,8,769.7,1.5,2,5.3,64.75
2024/10/30 11:00,81.5,0.735,35.7,51.45,84.3,13.05,12.8,769.7,0,3,4.5,60.2
2024/10/30 14:00,65.7,0.62,32.85,72.25,66.8,11.45,15.5,768.6,-1.1,2,3.9,47.3
2024/10/30 17:00,58.05,0.67,55.6,45.4,55.6,10.9,11.1,768.1,-0.6,0,3.6,41.1
2024/10/30 20:00,98.8,1.57,95.4,8.9,113.5,12.6,6.9,767.5,-0.6,0,3.7,73.7
2024/10/30 23:00,146.65,1.78,86.2,8.85,161.1,13.65,5.2,767.7,0.2,1,3.5,111.15
2024/10/31 2:00,141.95,1.475,72.15,6.9,164.7,28.15,4.6,767.6,0,1,4.2,107.95
2024/10/31 5:00,133.15,1.665,64.6,6.2,146.9,33.05,4.3,766.4,-1.3,0,4.3,101.3
2024/10/31 8:00,93.9,1.75,64.65,8.9,98.9,24.3,8.4,766.6,0.2,1,6.5,62.7
2024/10/31 11:00,62.5,1.145,32.5,69.55,68.2,20.5,18.3,765.9,-0.6,4,5.5,41.75
2024/10/31 14:00,71.4,0.695,23.65,92.9,74.3,12.05,18.5,765.3,-0.6,4,11.3,51.8
2024/10/31 17:00,129.9,1.025,31.55,101.65,135.3,12,16.8,765.7,0.4,3,11.3,98.45
2024/10/31 20:00,131.5,1.08,35.95,89.45,130.9,14.15,15.2,766.6,0.8,3,9.1,99.7
2024/10/31 23:00,110.6,1.52,49.9,63.95,110.25,24.85,11.1,766.6,0.2,1,7.6,83.15
2024/11/1 2:00,100.35,1.44,60.7,43.85,108.2,40.2,9,766.9,0.1,0,7,74.8
2024/11/1 5:00,115.35,1.575,62.4,29.7,129.9,26.65,8.9,767.8,0.9,0,6.7,87.05
2024/11/1 8:00,111.35,1.325,56.8,11.9,128.8,14.65,10.4,769,1.2,0,10.4,83.75
2024/11/1 11:00,43.35,0.6,25.65,45.85,46.6,11.9,15.7,768.7,-0.3,3,5,29.6
2024/11/1 14:00,24.35,0.405,20,61.35,23.5,10.6,17.5,767.3,-1.3,3,2.3,12
2024/11/1 17:00,26.1,0.445,39.05,46.45,23.8,10.45,14.7,767.6,0.3,3,2.3,13.6
2024/11/1 20:00,39.75,0.635,52.25,27.35,43,12,12.6,768.3,0.7,2,1,22.3
2024/11/1 23:00,42.45,0.535,47.8,25.7,43.55,11.05,8.3,768.1,-0.2,1,1.2,23.45
2024/11/2 2:00,43.1,0.52,44,24.15,44.75,10.2,6,767.6,-0.5,1,1,23.15
2024/11/2 5:00,46.3,0.685,41.4,22.75,47.2,12.3,7.1,767.4,-0.2,2,1.2,29.5
2024/11/2 8:00,70.55,0.91,42.1,21,73.95,15.35,7.4,768.4,1,2,2.1,51
2024/11/2 11:00,76.6,1.01,49.9,45.1,81.8,16.65,15.3,767.8,-0.6,2,2.1,55.75
2024/11/2 14:00,32.6,0.5,19.75,87.2,30.25,11.3,18.6,766.1,-1.7,2,-2.3,20.75
2024/11/2 17:00,51.5,0.6,54.6,46.45,53.55,12.1,15.2,766.3,0.2,1,1.7,32.65
2024/11/2 20:00,86.3,0.875,83,13.15,93.85,15.8,7.9,766,-0.4,1,2.4,63.7
2024/11/2 23:00,147.55,1.315,86.55,12.75,155.8,25.35,6.9,765.4,-0.5,0,1.8,113.25
2024/11/3 2:00,109.3,1.45,65.7,23.1,124.4,39.4,6.6,764.8,-0.6,1,2.7,81.95
2024/11/3 5:00,77.4,1.315,44.75,43.05,80.6,41.2,11.5,763.3,-1.4,2,2.3,55.6
2024/11/3 8:00,70.7,1.28,48.8,49.5,79.55,26.5,13.8,763.6,0.2,3,3.6,54.55
2024/11/3 11:00,100,0.96,47.15,34.05,110.5,15.3,13.1,763,-0.7,3,10.5,74.7
2024/11/3 14:00,48.7,0.63,38.5,30.1,49.7,9.95,9,763,0,1,9,32.95
2024/11/3 17:00,48.2,0.685,52.2,18.15,40,11,9.3,764.2,1.2,1,9.3,32.65
2024/11/3 20:00,59.25,0.785,56.55,11.65,59.5,26.45,5.2,764.6,0.5,1,5.2,41.4
2024/11/3 23:00,57.65,0.91,54.7,7.75,72.1,13.95,7.6,765.8,1.2,3,7.6,39.5
2024/11/4 2:00,46.75,0.525,23.65,33.3,43.05,10.55,7.5,767.6,1.7,3,5.6,31.85
2024/11/4 5:00,16.85,0.315,12.6,46.6,14.1,9.25,6,769,1.4,4,-2.6,7.9
2024/11/4 8:00,16.85,0.4,23.25,30.55,15.2,10.55,4.9,771.2,2.1,2,-4.4,7.7
2024/11/4 11:00,25.95,0.4,17.25,42.95,24.8,10.85,7.1,772.2,1.1,3,-0.6,15.6
2024/11/4 14:00,18.75,0.36,12.8,57.95,12.65,9.25,8.8,771.8,-0.4,3,-4.4,7.95
2024/11/4 17:00,17.6,0.39,19.85,51,15.05,9.7,6.5,772,0.2,2,-7.5,7.75
2024/11/4 20:00,35.8,0.62,50.85,13.45,33.7,12.4,2.3,772.6,0.5,1,-6.5,19.85
2024/11/4 23:00,35.1,0.65,50.3,8.9,34.9,11.05,-1.7,772.5,-0.1,0,-4,20.35
2024/11/5 2:00,50.65,0.785,50.15,5.35,54.65,29.6,-3.1,771.9,-0.55,0,-3.6,29.4
2024/11/5 5:00,52.1,0.785,46.15,5.15,55.35,43.3,-4.2,770.9,-1,0,-4.5,30.1
2024/11/5 8:00,52.9,1.35,43.05,8.25,54.9,26.75,0,770.8,-0.2,1,-1.6,28.9
2024/11/5 11:00,42.8,1.07,32.45,35.3,43.25,25.45,8,769.7,-1,3,-6.2,20.55
2024/11/5 14:00,24.35,0.45,17.45,54.05,23.15,14,9.6,768.8,-0.9,3,-7.1,13.4
2024/11/5 17:00,24.35,0.4,22.35,44.05,23.6,12.9,6.1,770.4,1.5,3,-5.5,13.05
2024/11/5 20:00,30.1,0.42,27.25,31.8,28.45,10.85,3.2,772.1,1.8,2,-5.7,18.7
2024/11/5 23:00,42.85,0.58,28.1,23.45,41.3,10.95,0.9,772.8,0.7,2,-6.7,28.35
2024/11/6 2:00,38.85,0.51,33.15,17.55,36,10.75,-2.9,773.2,0.5,1,-6.5,25.3
2024/11/6 5:00,42.35,0.545,39,8.8,40.05,10.7,-5.2,773.8,0.4,1,-6.3,28.45
2024/11/6 8:00,43.15,0.99,37.6,9.85,43.7,15.55,-0.7,774.9,1.1,1,-4.9,32.4
2024/11/6 11:00,34.25,0.785,22.8,42.45,42.05,12.35,4.7,774.7,-0.2,2,-11.4,23.35
2024/11/6 14:00,31.45,0.615,28.3,47.5,30.35,13.9,6.5,773.3,-1.3,2,-10.3,19.2
2024/11/6 17:00,35.45,0.555,46.85,26.9,35.3,13.6,2.7,773.1,-0.3,1,-7.8,20.9
2024/11/6 20:00,51.65,0.785,64.55,6.95,54.35,17.95,-1.7,773.5,0.4,1,-6.6,32.8
2024/11/6 23:00,83.05,1.12,61.85,7.3,95.6,15.7,-3.7,773.4,-0.1,1,-6.6,61.15
2024/11/7 2:00,66.75,1.27,46.9,6.7,75.2,13.6,-3.3,773.2,-0.2,2,-7.3,46.5
2024/11/7 5:00,49.25,1.275,37.05,11.15,50.3,13.9,-3.2,772.6,-0.6,2,-7.3,32.25
2024/11/7 8:00,46.75,1.485,38.4,13.05,48.1,16.25,0.5,773.2,0.6,2,-5.3,30.25
2024/11/7 11:00,52.8,1.125,35.1,28.4,53.6,15.65,10.4,772.1,-1,2,0.2,33.6
2024/11/7 14:00,58.5,1.03,32,55.7,60.05,20.3,14.8,770.4,-1.7,2,3,39
2024/11/7 17:00,57.4,0.755,35.6,59.4,58.75,19.55,11.2,770.6,0.2,2,1.2,38.85
2024/11/7 20:00,51.55,0.86,35.35,43.45,52.65,14.4,5.7,771.4,0.8,1,0.7,32.4
2024/11/7 23:00,54.85,0.86,40.4,37.65,56.5,14.3,4.3,771.6,0.3,1,1.8,36.75
2024/11/8 2:00,54.9,0.775,29.05,53.55,54.7,16.25,2.8,771.4,-0.2,0,1.9,36.75
2024/11/8 5:00,53.9,0.835,31.1,53.65,52.25,16.15,3.1,770.7,-0.7,0,3.1,36.25
2024/11/8 8:00,58.6,0.97,51.65,32.6,59.95,17.65,7.4,771.1,0.4,0,5.4,40.35
2024/11/8 11:00,62,0.825,37.2,58.75,68.45,19.95,14.3,770.7,-0.4,3,6.9,42.4
2024/11/8 14:00,60.05,0.745,26.55,92.1,60.3,14.8,15,769.4,-1.3,2,6.8,41.55
2024/11/8 17:00,61.8,0.78,43.65,72.8,66.25,19.05,13.3,769.7,0.3,1,6.4,43.5
2024/11/8 20:00,63.5,0.895,43,46.9,69.45,15.95,8.5,770.1,0.4,0,5.6,45.2
2024/11/8 23:00,63.95,0.855,37.65,48.3,66.8,13.9,8.3,770.2,0.2,0,6.4,44.95
2024/11/9 2:00,60.45,0.8,29.35,60.15,63.6,12.9,6.6,769.7,-0.5,0,6.6,42.35
2024/11/9 5:00,54.2,0.705,24.85,68.15,54.55,13.9,6.2,769.1,-0.7,1,6.2,36.6
2024/11/9 8:00,57.25,0.83,35.25,64.05,59,17.25,8.4,769.5,0.4,1,8.4,39.35
2024/11/9 11:00,53.55,0.72,21.9,98.3,52.35,15,16.3,768.4,-1,4,7.5,35.9
2024/11/9 14:00,54.35,0.805,21.8,116.2,57.9,13.75,18.1,766.8,-1.6,4,6.6,35.65
2024/11/9 17:00,54.85,0.745,29.55,98.65,57.4,14.95,15.1,766,-0.8,2,6.4,35.75
2024/11/9 20:00,87.35,0.99,37.5,74.1,83.35,17.85,12.5,766.3,0.3,3,6.5,64.2
2024/11/9 23:00,56.55,0.585,20.2,102.95,47.65,14.35,12.6,765.4,-0.8,4,6,37.8
2024/11/10 2:00,56.25,0.665,16.75,104.55,49.65,15.3,13.9,764.8,-0.7,4,6.5,35.05
2024/11/10 5:00,51.35,0.69,17.4,97.25,49.7,17.25,13.8,764.6,-0.1,3,7.3,32.35
2024/11/10 8:00,63.05,0.915,26.65,73.3,61.1,16.3,13.9,766.7,2,3,9.9,44.55
2024/11/10 11:00,74.9,0.89,44.5,34.05,63.1,11.35,12.9,767.4,0.7,2,11.6,54.5
2024/11/10 14:00,58.35,0.73,25.4,52.95,59,11.95,14.4,767.3,0,2,6.7,41.25
2024/11/10 17:00,18.55,0.405,23.9,46.75,16.35,9.65,11,768.9,1.5,2,-2.8,8.7
2024/11/10 20:00,26,0.53,38.5,28.7,25.8,11.2,8.4,770.2,1.3,2,-3.8,12.2
2024/11/10 23:00,31.55,0.515,36.25,25.25,31.55,11.35,5.8,770.6,0.3,2,-4.9,14.55
2024/11/11 2:00,25.85,0.44,30.6,30.05,25.85,11.55,0.3,770.2,-0.4,1,-4.1,11.4
2024/11/11 5:00,38.6,0.95,42.35,7,38.6,12.85,-0.4,769.2,-1.1,1,-1.7,16.95
2024/11/11 8:00,44.45,1.29,33.5,8.35,45.4,12.3,1.5,769.3,0.1,1,-0.9,21.85
2024/11/11 11:00,46,1.175,39.3,24.65,47.15,17.4,10.4,766.6,-2.6,2,-1.3,21.25
2024/11/11 14:00,45.45,1.64,46.95,31.2,46.15,25.55,11.4,763.6,-3,3,-1.7,21.25
2024/11/11 17:00,53.8,1.385,56.65,22.6,59.1,21.2,11.5,762.8,-0.8,2,-2.7,29.45
2024/11/11 20:00,54.45,1.015,47.35,30.7,58.85,18.6,10.9,763.5,0.7,4,-3.6,35.25
2024/11/11 23:00,57.5,1.07,53.45,20.7,59.8,18.65,7.6,764.9,1.5,1,2.3,38.35
2024/11/12 2:00,62.8,1.07,59.15,5.65,71.3,13.3,2.4,766.2,1.2,1,2.1,43
2024/11/12 5:00,69.4,1.18,50.6,5.2,78.75,11.4,-1.4,766.9,0.7,1,-1.4,48.4
2024/11/12 8:00,75.44444444,1.53,49.95,6.55,88.1,13.55555556,1.8,768.3,1.4,1,1.8,53.75
2024/11/12 11:00,42.55,1.205,37.85,41.45,45.15,16.8,10.7,768.6,0.3,3,-2.3,24.4
2024/11/12 14:00,26.45,0.53,20.2,64,25.25,10.85,12.7,767.7,-0.9,2,-6.8,14.05
2024/11/12 17:00,28.65,0.505,38.95,42.25,26.55,9.35,7.4,767.8,0,0,-5,14.65
2024/11/12 20:00,58.8,1.015,72.9,7.7,67.95,12.6,1.8,768.2,0.4,1,-3.9,38.4
2024/11/12 23:00,77.2,1.2,63.6,7.35,92.65,13.95,-0.4,768,-0.2,1,-4.3,56.5
2024/11/13 2:00,61.45,1.42,50.25,5.95,68.2,16.65,-0.1,767.9,-0.221176471,2,-4.9,42.1
2024/11/13 5:00,47.35,1.405,42.3,8.9,47.35,16.3,-0.7,767.2,-0.242352941,1,-5.1,29.25
2024/11/13 8:00,43.15,1.36,42.9,10.9,43.65,16.7,1.3,767.3,-0.263529412,2,-4.3,26.55
2024/11/13 11:00,42.85,0.94,39.15,35.8,43,23.35,14.3,766.6,-0.284705882,2,-4.9,22.65
2024/11/13 14:00,49.4,0.75,22.85,77.35,50.15,14.7,16.3,765.4,-0.305882353,4,-2.2,27.6
2024/11/13 17:00,59.45,0.96,51.65,45.5,67.9,19.9,14.3,764.8,-0.327058824,1,-3,37.55
2024/11/13 20:00,59.15,0.745,42.85,39.6,67.4,27.65,12.8,764.6,-0.348235294,1,-2.7,36.6
2024/11/13 23:00,55.15,0.835,31.75,44.15,57.45,20.95,10,764.5,-0.369411765,1,6,35.4
2024/11/14 2:00,47.95,0.835,24.25,50.55,43.5,10.1,7.7,763.9,-0.390588235,1,7.7,30
2024/11/14 5:00,40.55,0.945,27.8,43.05,37.3,10.15,7.1,763.7,-0.411764706,1,7.1,26.65
2024/11/14 8:00,38.75,1.04,40.9,31.15,35.7,9.5,7.7,764,-0.432941176,1,7.7,25.4
2024/11/14 11:00,34.15,0.97,45.3,27.6,30.85,10,8.8,763.9,-0.454117647,1,8.8,22.95
2024/11/14 14:00,34.95,0.97,45,28.15,30.45,10.5,9.7,763.3,-0.475294118,1,9.7,23.85
2024/11/14 17:00,37.25,1.1,58.15,15,32.3,9.85,9.7,763.7,-0.496470588,1,9.7,25.8
2024/11/14 20:00,57,1.27,56.2,13.8,46.4,11.9,9.7,764.2,-0.517647059,0,9.7,40.5
2024/11/14 23:00,55.6,1.17,55.05,11.9,45.75,13.95,9.2,764.8,-0.538823529,0,9.2,39.35
2024/11/15 2:00,52.45,1.15,50.85,9.05,48.3,11.5,9,765.4,-0.56,1,9,36.45
2024/11/15 5:00,52.3,1.19,39.2,17.1,45,10.35,9.4,765.4,-0.581176471,2,9.4,36.95
2024/11/15 8:00,48.55,1.235,44.4,13.3,47.85,10.85,9.4,765.6,-0.602352941,1,9.4,35.4
2024/11/15 11:00,45.85,1.355,42.2,36.4,41.95,13.65,12,765.2,-0.623529412,2,9.4,31.1
2024/11/15 14:00,35.05,1.03,30.45,67.4,31.25,12.4,15.2,763.4,-0.644705882,1,9.1,23.95
2024/11/15 17:00,45.6,1.21,56.2,34.05,41.85,15.75,13.9,762.4,-0.665882353,2,10.5,30.7
2024/11/15 20:00,70.4,2.17,75.9,9.285714286,74.3,22.7,13.1,762.5,-0.687058824,1,11,50.45
2024/11/15 23:00,63.95,1.775,57.15,14.25,67.75,19.3,12.5,763.3,-0.708235294,1,10.7,44.85
2024/11/16 2:00,50.15,1.265,36.3,39.15,49.75,27.1,13,762.5,-0.729411765,1,9.8,32.65
2024/11/16 5:00,44.55,1.035,29.2,40.55,40.05,14.9,10.55,763.2,-0.750588235,3,7.35,28.85
2024/11/16 8:00,29.05,0.595,16.75,49.15,26.9,9.8,8.1,763.9,-0.771764706,5,4.9,19.4
2024/11/16 11:00,21.45,0.465,17.65,53.7,21.2,9.9,8.9,765.1,-0.792941176,0,3.1,14.25
2024/11/16 14:00,19,0.355,13.35,57,16.9,10.65,9.4,765.7,-0.814117647,4,-3.8,9.3
2024/11/16 17:00,21.1,0.37,15.95,57.1,19.85,11.45,5.6,768.1,-0.835294118,3,-9.8,6.95
2024/11/16 20:00,20.7,0.355,14.9,54.8,19.7,11.65,2.9,770.3,-0.856470588,4,-12.2,6.5
2024/11/16 23:00,19.2,0.415,21.7,40,19.05,10.55,-0.4,771.1,-0.877647059,1,-9.3,6.8
2024/11/17 2:00,23.1,0.385,23.05,37.1,23,10.4,-2.5,772,-0.898823529,1,-8.4,7.9
2024/11/17 5:00,21.4,0.39,27.55,28.35,21.4,11.1,-4.3,772.5,-0.92,1,-9.3,8.8
2024/11/17 8:00,24.75,0.425,28.65,25.15,26.3,12.85,-0.1,773.7,-0.941176471,2,-11.2,11.3
2024/11/17 11:00,17.2,0.365,15.4,53.3,14.8,11.25,2.7,774.3,-0.962352941,3,-16.9,6.7
2024/11/17 14:00,19.3,0.35,10.95,59.5,13.25,9.8,4.1,773.4,-0.983529412,4,-16.3,6.05
2024/11/17 17:00,20.1,0.365,15.1,51.5,19.4,10.35,2.5,774.9,-1.004705882,4,-16.5,7.4
2024/11/17 20:00,22.95,0.395,16.85,44.05,22.95,13.2,0.2,776.9,-1.025882353,3,-14.9,9.5
2024/11/17 23:00,20.85,0.35,15.6,48.2,20.75,12.1,-1.6,778.3,-1.047058824,2,-18.2,8.2
2024/11/18 2:00,17.75,0.34,11.8,47.85,17.65,11.55,-3,779.5,-1.068235294,4,-18.1,5.75
2024/11/18 5:00,17.5,0.34,13.8,40.25,17.4,11.1,-4.6,780.4,-1.089411765,3,-16.8,6.4
2024/11/18 8:00,18.15,0.41,22.1,33.1,17.7,11.7,-4.4,781.6,-1.110588235,0,-15.7,7.8
2024/11/18 11:00,18.8,0.375,13,49.95,17.1,10.85,-1.4,781.8,-1.131764706,3,-16.3,8.35
2024/11/18 14:00,18.75,0.385,12.45,55.7,18.25,10.1,-0.7,779.8,-1.152941176,3,-17.8,9.4
2024/11/18 17:00,22.35,0.43,23.45,43.75,22.25,12.95,-2.6,779.7,-1.174117647,2,-16.3,12.7
2024/11/18 20:00,37.6,0.57,40.85,22.7,35.2,11.6,-4.8,778.9,-1.195294118,1,-15.5,22.7
2024/11/18 23:00,37.4,0.6,48,13.35,37.6,11.8,-7.5,778.2,-1.216470588,1,-11.5,22.85
2024/11/19 2:00,48.6,0.87,49.55,6.75,49.3,14.7,-9.5,776.8,-1.237647059,0,-11.8,29.4
2024/11/19 5:00,51.85,1,43.1,5.85,52.2,15.3,-10,775,-1.258823529,0,-12,30.55
2024/11/19 8:00,51.55,1.645,46.2,8.05,54.1,18.1,-7.4,773.8,-1.28,1,-10.7,30.3
2024/11/19 11:00,54.5,1.525,44.75,16.35,59.4,19.5,2.2,771.8,-1.301176471,1,-7.1,34.05
2024/11/19 14:00,50.65,0.775,30.3,33.5,52.25,21.1,5,769.3,-1.322352941,2,-2.3,26.75
2024/11/19 17:00,51.4,0.825,39.3,26.85,52.75,18.25,5.5,768.8,-1.343529412,2,-1.9,27.65
2024/11/19 20:00,52.15,0.955,39.9,23.9,53.95,21.6,0.6,769.1,-1.364705882,0,-4.2,30.55
2024/11/19 23:00,51.65,0.955,40.4,21,53.3,21.8,-2.4,769.2,-1.385882353,1,-5,29.7
2024/11/20 2:00,53.15,1.32,51.1,7.5,57,16.65,-3.4,768.6,-1.407058824,0,-4.5,33.3
2024/11/20 5:00,59.95,1.415,49.95,4.75,66.3,15.65,-3.9,768.1,-1.428235294,0,-4.2,39.4
2024/11/20 8:00,65.7,1.375,46.6,7.15,72.7,16,-1.2,768.4,-1.449411765,1,-1.2,44.4
2024/11/20 11:00,83.33333333,1.43,48.16666667,18.4,96,26.5,7.2,767.5,-1.470588235,3,1.1,60.25
2024/11/20 14:00,100.9,1.26,48.2,37.2,110.7,27.75,9.5,765.8,-1.491764706,3,0.1,75.65
2024/11/20 17:00,106.65,1.19,77.05,10.95,115.9,18.9,3.8,766,-1.512941176,0,-0.6,80.15
2024/11/20 20:00,142.45,1.61,80.45,6.3,156.05,17.15,-0.9,766.2,-1.534117647,1,-1.2,108.4
2024/11/20 23:00,143.6,1.55,72.1,5.85,154.85,25.35,-2.4,765.5,-1.555294118,1,-2.4,109.05
2024/11/21 2:00,133.55,1.94,65.65,5.4,145.75,30.15,-3.6,764.5,-1.576470588,0,-3.6,101.25
2024/11/21 5:00,98.5,1.92,55.05,7.55,107.45,38.55,-3.1,763.7,-1.597647059,0,-3.1,73.65
2024/11/21 8:00,98.55,1.865,53.1,6.05,100.9,22.35,1.3,764.7,-1.618823529,2,1.3,74.35
2024/11/21 11:00,61.9,0.89,39.3,32.75,62.2,17.25,7.5,765.1,-1.64,2,-5.2,43.1
2024/11/21 14:00,26.2,0.425,15.9,63.2,23.95,10.75,8.3,765.7,-1.661176471,3,-3.9,14.3
2024/11/21 17:00,23.4,0.4,26.45,51,22.2,11.3,6.9,767.4,-1.682352941,3,-5.1,11.9
2024/11/21 20:00,37.1,0.515,37.75,32.75,37.1,15.65,4.7,769.3,-1.703529412,2,-4.8,18.7
2024/11/21 23:00,43.5,0.645,48.7,16.7,43.8,13.2,-1.1,769.9,-1.724705882,0,-5.1,25
2024/11/22 2:00,49.55,0.7,53.75,8.3,51.7,13.75,-4.3,770.6,-1.745882353,0,-5.7,28.55
2024/11/22 5:00,50.5,0.705,48.15,6.95,53.05,14.1,-5.6,771.7,-1.767058824,1,-6.3,30.3
2024/11/22 8:00,60.35,0.735,38.35,16.15,65.25,12.55,-1.3,773.8,-1.788235294,3,-6.1,41.2
2024/11/22 11:00,40,0.535,21.5,47.8,40.45,11.9,2,774.5,-1.809411765,3,-6.8,25.95
2024/11/22 14:00,34.95,0.455,17.6,54.85,33.45,10.8,2.8,774.1,-1.830588235,3,-6.6,21.7
2024/11/22 17:00,34.6,0.46,27.95,39,32.95,10.1,0.7,774.9,-1.851764706,3,-7.3,22.65
2024/11/22 20:00,42.05,0.575,33.7,28,41,11.2,-0.8,775.7,-1.872941176,0,-8.5,28.4
2024/11/22 23:00,47.6,0.62,38.15,19.85,45.3,11.4,-3.1,775.9,-1.894117647,2,-8.7,32.6
2024/11/23 2:00,50.7,0.685,35.8,21.6,49.05,11.35,-5.8,775.6,-1.915294118,1,-9,35.55
2024/11/23 5:00,56.2,0.715,37.65,17.65,54.9,11.6,-7.9,775.5,-1.936470588,1,-9.7,38.9
2024/11/23 8:00,60.9,1.05,37.25,14.45,59.05,14.6,-5.2,776,-1.957647059,2,-7.8,43.5
2024/11/23 11:00,52.94444444,1.135,32.25,31.44444444,52.5,15.85,1.2,774.9,-1.978823529,2,-7.6,36.1
2024/11/23 14:00,30.11111111,0.92,26.5,47.4,30.15,13.94444444,4.8,772.9,-2,2,-13.6,20.25
2024/11/23 17:00,39.15,0.81,50.6,27.65,38.4,12.65,-0.4,772.6,-0.4,0,-12,24.8
2024/11/23 20:00,82.4,1.355,76.1,9.7,93.5,15.1,-3.3,772.6,0.1,1,-8.9,59.05
2024/11/23 23:00,126.5,1.61,70.3,9.4,137.9,16.5,-4.9,772.7,0.1,0,-8.6,95
2024/11/24 2:00,114.35,1.455,55.05,7.05,134.6,23.45,-3.8,772.6,0,1,-7.7,86.15
2024/11/24 5:00,73.35,1.865,49,5.15,82.05,20.7,-0.9,771.8,-0.8,2,-6.6,53.15
2024/11/24 8:00,65.65,1.585,46.7,5.7,72.3,18.95,0.8,771.9,0,2,-4.8,46.75
2024/11/24 11:00,82.5,1.755,52.6,8.8,91.65,19.05,3.4,771.3,-0.6,1,-2.5,60
2024/11/24 14:00,84.35,1.45,55.6,14.55,93.85,23.35,7.5,770.1,-1.1,2,0.2,62.2
2024/11/24 17:00,67.5,0.965,43.6,28.7,75.6,19,5.5,770.8,0.8,1,-1.2,48.4
2024/11/24 20:00,62.15,0.915,42.2,25.4,65.3,14.7,4.3,770.7,-0.2,1,0.6,44.05
2024/11/24 23:00,58.55,0.89,27.15,41.5,61.1,14.8,5.8,770.5,-0.1,1,1.7,41.25
2024/11/25 2:00,61.1,0.86,21.95,52.1,62.1,16.5,5.5,769.6,-0.9,1,1.4,43.6
2024/11/25 5:00,53.05,0.865,20,58.4,50.1,14.6,5.4,769,-0.7,2,1,36.35
2024/11/25 8:00,51.05,0.795,27.55,52.95,46.45,13.75,7.6,769,0.1,2,2.1,34.3
2024/11/25 11:00,49.7,0.69,24.85,65.8,46.75,14.35,10.2,767.5,-1.5,3,2.6,33.45
2024/11/25 14:00,51.95,0.72,23.85,67.3,48.2,12.3,10.1,765.2,-2.3,2,2.7,35.05
2024/11/25 17:00,55.3,0.845,38.35,49.95,55,12.8,8,762.6,-2.6,3,2,38.75
2024/11/25 20:00,50.75,0.8,36.85,43.5,51.2,10.95,5.4,760.8,-1.8,0,5.4,35.1
2024/11/25 23:00,22.2,0.67,21.2,42.8,21.7,9.1,3.2,759.1,-1.6,3,2.5,13.8
2024/11/26 2:00,18.9,0.5,14.45,41.85,15.1,9.05,-0.6,759.6,0.4,4,-0.9,11.25
2024/11/26 5:00,16.95,0.425,10.75,46.9,15.7,9.5,-4.5,760.3,0.7,3,-7.3,7.65
2024/11/26 8:00,24.25,0.46,15.6,43.3,23.9,9.25,-6.6,761.5,1.1,4,-9.5,7.05
2024/11/26 11:00,27.95,0.475,13.55,49.2,25.95,9.65,-6,761.1,-0.4,4,-11.7,8.15
2024/11/26 14:00,23.35,0.435,10.45,53.9,22.6,10.4,-5.7,761.1,-0.1,5,-13.3,5.55
2024/11/26 17:00,22.55,0.475,19.3,50.3,22.15,9.55,-5.5,760.8,-0.3,3,-12.9,7.3
2024/11/26 20:00,33.55,0.52,28.5,36.55,33.55,14.15,-5.8,760.3,-0.6,2,-12.7,11.75
2024/11/26 23:00,24.65,0.415,10.5,58.1,24.5,9.85,-6.5,759.7,-0.6,5,-17.3,5.8
2024/11/27 2:00,19.95,0.405,10.45,56,17.4,10.15,-7.9,759.1,-0.6,3,-17.8,5.3
2024/11/27 5:00,22.6,0.415,14.7,46.75,22.6,13.6,-8.6,758.4,-0.6,3,-16.5,4.6
2024/11/27 8:00,27.85,0.495,19.6,38.45,27.85,12.6,-7.6,758.2,-0.3,4,-15.1,6.7
2024/11/27 11:00,38.3,0.45,12,48.85,40,11.95,-5.5,757.2,-0.9,5,-15.3,7.6
2024/11/27 14:00,34.1,0.455,11.1,57.55,34.3,10.4,-4.4,756.4,-0.7,5,-15.4,10.1
2024/11/27 17:00,38.15,0.53,23.55,45.2,38.15,11.55,-4.9,756.7,0.2,2,-14.5,14.8
2024/11/27 20:00,54.35,0.58,23.2,41.7,60.8,11.15,-4.7,757.3,0.6,3,-12.6,20
2024/11/27 23:00,53.8,0.53,26.7,37.55,58.8,11.25,-5.4,757,-0.2,3,-13,18.25
2024/11/28 2:00,43.35,0.48,19.45,41.65,43.35,11.9,-4.6,756.9,-0.2,3,-13.4,15.15
2024/11/28 5:00,37.95,0.49,13.25,48.15,37.95,11.15,-4,756.7,-0.2,3,-13.1,11.75
2024/11/28 8:00,40.15,0.55,28.4,31.1,42.6,12.75,-4.4,757.7,1.1,3,-12.3,16.65
2024/11/28 11:00,35.9,0.465,11.8,53.75,35.9,9.4,-2.7,758,0.3,6,-11.7,13.05
2024/11/28 14:00,30.2,0.465,10.65,55.9,30.2,8.55,-2.1,759.2,1.2,3,-9.5,12
2024/11/28 17:00,35.85,0.555,27.2,37.05,35.85,10.4,-2.6,760.3,1,2,-10.2,15.85
2024/11/28 20:00,54.55,0.84,55.65,8.35,56.55,15.3,-5.4,760.5,0.2,1,-9.5,33.5
2024/11/28 23:00,59.6,0.945,49.15,8.95,65.95,14.9,-6.8,760,-0.5,2,-9.5,39.9
2024/11/29 2:00,61.6,1.2,48.2,6,69.2,19,-6.6,759.2,-0.7,1,-10.3,41.85
2024/11/29 5:00,48.15,0.99,44.35,7.8,49,15.6,-9.2,758.1,-1.2,1,-11.1,27.5
2024/11/29 8:00,53.1,1.77,46.4,8.7,57.25,27.35,-3.9,757.9,-0.1,2,-9.9,28.5
2024/11/29 11:00,68.4,1.725,46.95,14.45,85.2,25.5,-0.7,757.8,-0.2,3,-7.3,47.25
2024/11/29 14:00,36.6,0.67,22.65,45.55,34.6,15.2,1.4,758.5,0.8,2,-6.2,21.15
2024/11/29 17:00,39.85,0.73,52.2,16.75,36.1,14.65,-0.5,759.6,1,1,-5.5,24.75
2024/11/29 20:00,62.1,1.075,59.15,6.5,59.85,17.75,-4,760,0.4,1,-5.7,43.95
2024/11/29 23:00,72.35,1.29,57.25,5.85,75.15,17.7,-3.1,760.3,0.3,1,-3.8,52.4
2024/11/30 2:00,71.7,1.4,53.85,6.05,74.85,17.9,-4.9,760.3,0.1,1,-6.9,52.15
2024/11/30 5:00,61.85,1.615,52.15,5.3,63.6,20.55,-4.2,759.8,-0.5,0,-5.2,43.55
2024/11/30 8:00,58.65,2.005,49.4,5.7,65.25,21.85,-2,760.1,0.3,1,-5,39.7
2024/11/30 11:00,60.35,1.735,50.15,22.55,66.1,29.15,5.7,760.3,0.2,2,-2.6,41.95
2024/11/30 14:00,36.55,0.77,29.75,49.9,33.25,14.4,6.3,760,-0.3,2,-5.7,23.9
2024/11/30 17:00,45.6,0.915,60.2,22.5,43.4,13.55,0.6,760.9,0.9,0,-5.8,30.45
2024/11/30 20:00,75.8,1.485,75.55,8.35,74.25,17.4,-2.9,761.5,0.5,1,-5.1,55.35
2024/11/30 23:00,121.3,1.91,69,7.25,131.7,19.6,-4.2,761.5,0.1,0,-5.4,91.5
2024/12/1 2:00,87.5,1.925,54.8,5.8,89.2,19.75,-3.4,761.3,-0.2,2,-5.4,64.7
2024/12/1 5:00,62.75,1.62,44.55,6.2,61.05,23.4,-3.2,760.3,-0.9,2,-5.4,44.55
2024/12/1 8:00,56.1,1.57,42.85,10.05,52.3,17.9,-2.7,759.6,-0.9,2,-4.7,38.25
2024/12/1 11:00,39.05,1.17,31.1,36.7,34,17.8,9,757.6,-1.8,4,0.2,26.75
2024/12/1 14:00,32,0.76,17.3,57.35,28.7,12.9,10,755.6,-2,4,2.1,20.1
2024/12/1 17:00,45.45,0.825,28.15,51.65,43.65,13.35,7.5,755.8,0.2,3,1.6,31.1
2024/12/1 20:00,54.2,0.9,33.7,42.75,51.1,13.9,7,756.7,0.9,2,2.3,37.85
2024/12/1 23:00,19.8,0.485,12.7,55.7,18.55,10.35,-0.1,761.9,5.2,6,-5.7,9.6
2024/12/2 2:00,24.85,0.445,9.15,61.45,24.1,9.5,-3.1,765.4,3.5,3,-11.3,8.05
2024/12/2 5:00,21.15,0.43,9.1,59.55,19,10.9,-6.4,767,1.5,4,-15.9,6.8
2024/12/2 8:00,18.5,0.505,17.2,47.4,16.45,11.4,-6.7,768.4,1.3,2,-15.6,6.65
2024/12/2 11:00,20,0.505,13.4,57.35,17.8,10.55,-4.4,768.8,0.5,2,-16.6,7
2024/12/2 14:00,21.4,0.475,8.9,66.95,14.7,9.25,-2.9,768.4,-0.5,3,-16.2,6.85
2024/12/2 17:00,18.05,0.515,22.05,49.45,15.9,10.2,-3.8,769,0.5,3,-14.8,8.35
2024/12/2 20:00,29.7,0.665,35.05,31.55,29.4,10.15,-5.1,769.2,0.3,2,-19.6,14.7
2024/12/2 23:00,39.25,0.8075,37.6,26.05,40.05,12.975,-11.3,769.4,0.1,1,-14.4,19.425
2024/12/3 2:00,48.8,0.95,40.15,20.55,50.7,15.8,-9,768.8,-0.5,2,-15.1,24.15
2024/12/3 5:00,42.95,1.185,41.25,17.85,43.25,18.75,-13,767.8,-1.1,1,-15.4,20.25
2024/12/3 8:00,44.7,1.505,46.75,13.35,44.8,18.95,-10.5,768,0.2,1,-13,23.1
2024/12/3 11:00,58.9,1.395,33.95,35.25,63,22.95,-1.4,767.8,-0.2,3,-16.7,36
2024/12/3 14:00,25.35,0.58,14.95,58.2,23.7,12.1,0.9,766.9,-0.8,4,-16,14.15
2024/12/3 17:00,27.35,0.615,24.35,45.8,26.9,10.9,-0.8,767.7,0.8,3,-17,13.85
2024/12/3 20:00,38.8,0.71,36.15,28.95,37.6,10.95,-3.5,768.6,0.8,1,-18.2,21.1
2024/12/3 23:00,37.7,0.68,33.25,29.7,37.55,11.5,-3.6,769.4,1,2,-18.7,17.8
2024/12/4 2:00,24.3,0.595,25.25,37.65,24.3,10.6,-9,769.5,0.666666667,1,-16.4,11.95
2024/12/4 5:00,31.45,0.735,44.4,13.05,31.45,13,-12,768.3,0.333333333,0,-15.8,14.4
2024/12/4 8:00,42.25,0.95,48,10.95,41.75,14.65,-9.1,768.4,0,1,-13.6,18.7
2024/12/4 11:00,51.11111111,1.066666667,31.15,39.95,54.65,19.05,-0.7,767.4,-0.9,4,-14.6,24.2
2024/12/4 14:00,29.45,0.775,18.4,57.45,29.45,15,1.1,765.1,-2.3,4,-15,15.3
2024/12/4 17:00,29.8,0.65,33.9,40.35,29.8,14.4,-0.8,764.3,-0.8,2,-15.1,14.95
2024/12/4 20:00,44,0.785,40,31.05,44.15,15.75,-1.2,764.1,-0.2,2,-14.7,25.35
2024/12/4 23:00,52.55,0.865,46.85,17.35,56.3,15.35,-7.1,764.1,0,1,-13.3,30.9
2024/12/5 2:00,41.8,0.78,41.85,20.8,44.65,17.1,-8.9,763.9,-0.2,1,-13,22.85
2024/12/5 5:00,40.9,0.86,46.1,15,42.2,15.55,-11.2,762.7,-1.3,1,-13.8,22.05
2024/12/5 8:00,55.95,1.385,53.65,9.65,57.35,18.95,-8.6,762.4,-0.1,0,-11.4,32.4
2024/12/5 11:00,65.55,1.535,40.8,34.9,77.45,23.05,0.7,762.1,-0.4,3,-11,41.25
2024/12/5 14:00,24.35,0.52,12.6,60.05,23.4,10.2,1.5,761.4,-0.7,4,-11.3,11.25
2024/12/5 17:00,48.5,0.55,18.8,51.4,51.25,9.95,-0.5,762.7,1.3,6,-16.8,12.95
2024/12/5 20:00,59.4,0.585,21.85,42.25,68.55,11.3,-2,764.4,1.7,5,-17.3,16
2024/12/5 23:00,45.75,0.555,20.2,42.5,47.1,9.4,-3.8,765.4,1,3,-16.7,11.85
2024/12/6 2:00,35.2,0.57,21.6,39.7,35.2,11.3,-4.4,765.9,0.5,3,-16.3,10.35
2024/12/6 5:00,30.9,0.605,27.5,31.5,30.9,11.9,-6.5,766.2,0.3,2,-16.5,10.55
2024/12/6 8:00,37.75,0.68,35.2,23.65,37.25,12.3,-5.4,767.2,0.9,2,-16,15.25
2024/12/6 11:00,28.35,0.605,14.25,49.85,26.1,10.35,-3.1,768.1,1,2,-14.8,11.65
2024/12/6 14:00,25.25,0.56,11.15,59.1,24.95,9.7,-2.4,768.7,0.5,3,-14.5,11.35
2024/12/6 17:00,23.8,0.555,16,54.65,23.8,9.7,-3.6,769.6,0.9,2,-13.8,11.75
2024/12/6 20:00,34.375,0.66,31.125,36.45,32.275,12.025,-6.5,770.8,1.3,1,-13.6,19.55
2024/12/6 23:00,44.95,0.765,46.25,18.25,40.75,14.35,-7.8,771.3,0.5,1,-13.6,27.35
2024/12/7 2:00,47.75,0.85,47.8,13.65,44.65,12.05,-11.2,771.4,0,0,-14,31.1
2024/12/7 5:00,33.7,0.735,32.65,20,32.5,11.9,-12.6,771.1,-0.3,1,-14.2,21
2024/12/7 8:00,29,0.735,29.9,19.85,27.35,12.35,-11.3,771.7,0.6,0,-12.7,17.2
2024/12/7 11:00,28.85,0.71,19.95,39.1,28.85,13.95,-5.3,771.7,0,1,-15.6,15.5
2024/12/7 14:00,22.5,0.62,14,52.25,22.35,10.4,-3.5,770.9,-0.8,2,-15.2,12.6
2024/12/7 17:00,23.55,0.625,25.2,40.95,22.95,10.9,-4.5,771.1,0.2,3,-16.4,12.7
2024/12/7 20:00,50.35,1.025,55.85,9.9,53.4,13.9,-8.8,771,-0.2,0,-15.2,32.3
2024/12/7 23:00,59.55,1.13,49.1,10.2,65.35,16.45,-9.4,771,0.1,1,-14.8,41.35
2024/12/8 2:00,67.95,1.23,50.05,6.25,75.2,18.55,-10.4,771.1,0.1,1,-15,47.85
2024/12/8 5:00,70.35,1.465,48.15,5.8,77.55,17.7,-11.4,771.3,0.2,1,-15.1,50.5
2024/12/8 8:00,70.55,1.835,48.75,6.75,81.2,20.2,-10.4,772,0.7,1,-12.4,50.75
2024/12/8 11:00,55.55,1.19,37.05,27.45,63.2,20.95,-1.8,772.1,0.2,1,-12.7,35.15
2024/12/8 14:00,30.3,0.67,17.75,49.85,31.25,13.3,-0.4,771.3,-0.8,2,-15.9,15.3
2024/12/8 17:00,39.8,0.77,44.3,23.4,42.3,14.8,-4.2,771.4,0,1,-12.1,23.15
2024/12/8 20:00,60.25,1.07,61.1,8.05,66.15,14,-7.8,771.4,0,0,-12.9,39.4
2024/12/8 23:00,99.5,1.475,60.15,7.7,116.05,19.95,-10,771.3,0,1,-13.3,73.75
2024/12/9 2:00,92.8,1.46,52.15,7.45,114,16,-11.5,771,-0.3,0,-13.7,68.95
2024/12/9 5:00,75.45,1.485,46.65,6.05,90.2,18.25,-12.1,770.1,-1,1,-14.1,54.8
2024/12/9 8:00,76.4,1.905,44.75,7,85.25,21.2,-9.5,770.3,0.2,1,-12.8,53.95
2024/12/9 11:00,78.7,2.225,50.65,17.1,90.3,25.95,-0.7,769.3,-1,1,-9.3,57.6
2024/12/9 14:00,57.05,1.42,40.15,37.8,62.35,23.45,2.8,767.8,-1.5,2,-8.8,38.1
2024/12/9 17:00,52.75,1.155,53.2,24.55,54.9,15.95,-2.2,768,0.2,0,-10.2,34.2
2024/12/9 20:00,81.55,1.595,75.6,7.4,90.8,18.6,-6.4,768.3,0.3,0,-9.4,59.35
2024/12/9 23:00,124.8,2.135,73,8.15,136.5,19.4,-8.6,768.9,0.7,0,-10.4,94.15
2024/12/10 2:00,140.2,2.22,61.55,7.4,156.6,16.75,-10,769.6,0.6,0,-11.2,106.05
2024/12/10 5:00,124.4,1.99,54,6.2,130.3,15.1,-11,770.2,0.6,1,-12.2,94.05
2024/12/10 8:00,107.85,1.925,48.15,6.45,108.65,14.85,-10,770.8,0.6,1,-10.9,80.9
2024/12/10 11:00,68.45,1.13,43.3,22.05,70.45,19.1,-1.6,771.6,0.9,2,-9.9,47
2024/12/10 14:00,46.5,0.79,31.55,36.4,44.7,17.85,1.3,770.8,-0.8,1,-9.9,30.55
2024/12/10 17:00,38.25,0.715,38.9,28.25,37.25,14.15,-1.2,771.5,0.6,2,-9.3,24.05
2024/12/10 20:00,48.3,0.8,46.5,17.55,48.9,12.25,-3.5,773.2,1.7,1,-9.3,33.2
2024/12/10 23:00,56.25,0.86,50.2,11.55,54.85,16.1,-7.5,774,0.9,0,-10.7,39.7
2024/12/11 2:00,57.9,0.88,45,12.1,58.25,18.05,-8.4,774.4,0.4,2,-10.3,40.45
2024/12/11 5:00,23.85,0.605,18.95,35.55,22.05,11.7,-6.6,774.1,-0.4,3,-14.4,14.15
2024/12/11 8:00,24.5,0.64,26.55,26.1,22.1,12.4,-7.3,774.8,0.7,2,-15.7,13.5
2024/12/11 11:00,23.27777778,0.633333333,18.25,39.1,22.61111111,12.05,-5,774.5,-0.3,1,-15.4,14.5
2024/12/11 14:00,25.45,0.6,16.65,45.55,25,13.45,-2.6,773.1,-1.4,2,-15.6,14.85
2024/12/11 17:00,30.2,0.65,27.5,35.5,28.45,12,-4.9,773.2,0.1,2,-16.1,18.35
2024/12/11 20:00,49.5,0.925,51.2,13.6,52.85,14.2,-9.8,773.6,0.4,1,-15,30.2
2024/12/11 23:00,79.35,1.335,57.85,8.3,90.35,16.05,-12.6,773.6,0,0,-15.5,56.6
2024/12/12 2:00,87.05,1.34,51.25,7.6,102.15,18.75,-14.2,773.5,-0.1,1,-16.2,64
2024/12/12 5:00,78.55,1.225,46.1,6.3,88.35,15.35,-15,773.2,-0.4,1,-16.7,56.75
2024/12/12 8:00,77.1,1.545,44.9,7.1,86.75,19.55,-12.7,773.4,0.2,0,-14.1,54.9
2024/12/12 11:00,97.2,1.785,51.15,18.75,115.15,32.45,-4.8,772.1,-1.2,2,-14.6,70.85
2024/12/12 14:00,71.25,1.215,48.45,31.6,78.9,23.55,-1.7,770.5,-1.6,2,-14.8,51.1
2024/12/12 17:00,54.8,0.965,52.1,23.6,56.2,16.75,-4.8,769.8,-0.7,0,-14.4,35.6
2024/12/12 20:00,73.6,1.41,70.65,7.35,83.5,20.6,-8.1,770.1,0.2,0,-14.3,53.2
2024/12/12 23:00,116.7,1.815,68.55,8.5,126.4,18.3,-10.5,769.6,-0.4,0,-14.4,87.75
2024/12/13 2:00,108.2,1.735,58.75,7.25,120.15,19.05,-12.1,769.6,0,0,-15,81.2
2024/12/13 5:00,92.9,1.425,50.55,7.25,102.3,16.3,-13.9,769,-0.6,0,-15.9,69.05
2024/12/13 8:00,66.625,1.0575,36.4,23.3,70.675,15.6,-12.6,770.4,1.3,1,-14,46.45
2024/12/13 11:00,40.35,0.69,22.25,39.35,39.05,14.9,-4.1,770.6,0.3,2,-16.6,23.85
2024/12/13 14:00,31.3,0.545,17.25,53.35,30.2,12.5,-3.1,770.4,-0.2,3,-16.4,19.2
2024/12/13 17:00,32.15,0.525,28.8,42.45,30.6,13.35,-5.4,771.7,1.3,1,-16.3,19.1
2024/12/13 20:00,59.33333333,0.9,57.22222222,15.33333333,53.33333333,13.83333333,-10.1,772.5,0.7,1,-15.4,40.05555556
2024/12/13 23:00,72.61666667,1.0675,56.63611111,11.49166667,77.44166667,14.76666667,-13,772.8,0.4,1,-16,51.62777778
2024/12/14 2:00,85.9,1.235,56.05,7.65,101.55,15.7,-14.3,772.3,-0.5,0,-16.4,63.2
2024/12/14 5:00,58.5,0.975,43.75,14.55,64.9,12.2,-13.4,771.8,-0.5,1,-16.3,39.9
2024/12/14 8:00,69.6,1.275,49.6,9.75,79.45,19.3,-12.2,772,0.2,1,-14.8,49.15
2024/12/14 11:00,74,1.215,42.15,28.65,86.45,22.75,-4.1,770.9,-1.1,3,-15.1,49
2024/12/14 14:00,30.3,0.545,18,55.2,29.55,14.2,-1.7,768.1,-2.8,3,-16.2,17.4
2024/12/14 17:00,37.45,0.595,33.55,42.7,37.3,16.25,-3.4,767.2,-0.9,2,-16,22.5
2024/12/14 20:00,55.3,0.75,47.45,25.15,60.6,18.2,-4.2,766.4,-0.8,2,-15.8,36.85
2024/12/14 23:00,63.9,0.985,49.65,19.65,69.5,21.4,-4.4,765.6,-0.7,3,-13,45.6
2024/12/15 2:00,54.15,0.88,49.6,15.5,56.55,18.6,-5.3,765.3,-0.3,2,-12.9,36.5
2024/12/15 5:00,29.85,0.575,27.6,39.7,29.7,15.1,-3.3,765.7,0.5,4,-16.2,16.1
2024/12/15 8:00,35.25,0.67,43.25,24.65,35.4,16.65,-5.9,767.2,1.4,1,-14.4,19.65
2024/12/15 11:00,30.55,0.53,16.5,54.35,30.55,11.65,-1,767.2,0.1,3,-14.2,14.2
2024/12/15 14:00,24.85,0.5,10.4,62.85,24.85,9.9,0.7,766.2,-1.1,3,-14.5,9.65
2024/12/15 17:00,31.85,0.57,25.8,42,31.85,10.3,-2.5,766.7,0.6,1,-15.9,14.7
2024/12/15 20:00,59.9,0.895,57.8,11.1,66.15,15.7,-4,766.9,0,1,-14.7,34.65
2024/12/15 23:00,58.35,0.845,48.65,15.7,65.7,15,-7.1,766.8,0,1,-14.6,33.75
2024/12/16 2:00,46.8,0.745,41.3,20.2,48.55,14.4,-7.6,766.6,-0.1,1,-13.6,25.25
2024/12/16 5:00,45.8,0.765,44,17,47.8,17.3,-11.3,766.4,-0.3,1,-14.5,23.9
2024/12/16 8:00,55.35,1.095,48.95,11.7,62.3,17.4,-8.4,767.5,1,1,-12.5,33.75
2024/12/16 11:00,44.45,0.715,28.4,39.7,44.9,18.1,-1.3,767.5,0.1,2,-13.8,24.55
2024/12/16 14:00,21,0.515,11.3,53.9,20.8,10.15,-0.7,767.2,-0.3,4,-16.1,11.95
2024/12/16 17:00,27.3,0.6,24.95,37.65,27.15,9.6,-3.1,768.2,0.9,1,-16.4,15.35
2024/12/16 20:00,39.7,0.715,34.35,22,38.65,14.9,-5.4,769,0.8,1,-17.8,22.75
2024/12/16 23:00,52.6,0.935,47.6,8.25,54.35,14.85,-11.1,769.6,0.7,0,-16.6,33.2
2024/12/17 2:00,28.2,0.61,22.7,25.85,28.2,12.3,-6.7,770.2,0.6,2,-19,13.95
2024/12/17 5:00,20.7,0.595,21.45,27.85,20.7,12.45,-7.9,770.8,0.6,2,-19.4,10.75
2024/12/17 8:00,25,0.665,29,19.95,27.35,13.2,-8.8,772.4,1.5,3,-19.1,14.2
2024/12/17 11:00,25.4,0.525,15.6,41.85,25.1,12.1,-6.3,773.2,0.8,4,-18.9,14
2024/12/17 14:00,21.05,0.435,8.2,57.8,21.05,8.95,-4.5,773.1,-0.1,3,-18.3,9
2024/12/17 17:00,25.7,0.49,17.55,47.5,25.7,11.15,-6.8,774.6,1.5,2,-18.1,12.9
2024/12/17 20:00,36.85,0.61,32.9,27.4,35.75,11.4,-9,775.5,0.8,2,-17.5,22
2024/12/17 23:00,39.65,0.62,29.05,28.75,38.8,11.9,-12.4,775.8,0.3,1,-17.3,23.9
2024/12/18 2:00,48.7,0.735,40.5,17.3,50.65,13.8,-12.7,776,0.2,1,-18.1,32.95
2024/12/18 5:00,61.675,0.945,43.675,13.05,60.925,16.975,-16.6,776.5,0.6,1,-19.2,43.325
2024/12/18 8:00,74.65,1.155,46.85,8.8,71.2,20.15,-15.1,777.4,0.8,1,-17.2,53.7
2024/12/18 11:00,71.38888889,1.08,44.4,22.33333333,77.25,19.75,-7.3,777.4,0,3,-15.2,52.25
2024/12/18 14:00,32.3,0.555,16.35,56.9,32,10.55,-5.8,777.1,-0.3,4,-18.2,20.3
2024/12/18 17:00,39.55,0.65,28.6,42.7,38.5,10.2,-7.6,778.3,-0.433333333,2,-18,24.85
2024/12/18 20:00,42.9,0.72,41.95,27,42.1,13.05,-10.6,778.9,-0.566666667,1,-18.1,26.95
2024/12/18 23:00,47.4,0.815,51.85,15.85,48,12.25,-14.4,778.1,-0.7,0,-18.2,30.15
2024/12/19 2:00,63.25,1.125,55.05,9.45,66.4,13,-16.1,778,0,1,-18.9,44.6
2024/12/19 5:00,79.75,1.29,52.35,6.75,87.55,15.55,-16.4,777.3,-0.9,1,-18.8,58.2
2024/12/19 8:00,91.25,1.52,46.95,9.05,97.5,13.5,-14.8,777,-0.3,1,-17.5,67.55
2024/12/19 11:00,87.95,1.425,43.9,25.35,91.7,17,-6.9,775.7,-1.2,1,-15.1,65.15
2024/12/19 14:00,53.9,1.02,43.45,32.55,54.2,18.25,-3.8,772.3,-3.3,2,-17.4,35.8
2024/12/19 17:00,55.4,1.27,58.15,15.95,58.35,14.4,-6.7,771.1,-1.2,1,-16.1,38.45
2024/12/19 20:00,96.25,1.955,71.3,8.35,106.45,20.55,-8.8,770.2,-1,1,-14.6,71.6
2024/12/19 23:00,109.35,1.775,63.5,8,121.5,18.4,-8.3,768.5,-1.6,2,-13.9,82.3
2024/12/20 2:00,88.45,2.18,58.3,6.7,96.65,22.1,-7.9,767.5,-0.9,1,-13.1,65.45
2024/12/20 5:00,70.6,2.16,57.15,6.85,75.1,24.25,-7.5,766.2,-1.3,0,-12.4,50.95
2024/12/20 8:00,66.25,2.01,58.95,7.4,71.9,21.25,-6.9,766.2,-0.65,1,-11.3,47.4
2024/12/20 11:00,103.9,1.93,56.7,15.75,109.65,27.9,-1.1,766.1,0,2,-8.5,74.65
2024/12/20 14:00,111.6,1.48,46.1,24.6,118.25,18.15,-2.2,765.5,-0.6,3,-11,84.2
2024/12/20 17:00,112.55,1.095,45.6,22.1,118.4,16,-5.5,766.7,1.2,4,-13.3,84.9
2024/12/20 20:00,107.55,0.935,36.65,36.3,112.3,15.8,-6.7,767.5,0.8,3,-14,80.75
2024/12/20 23:00,57.95,0.73,22.7,42.05,60.15,11.65,-8.8,768.7,1.1,4,-17.1,40.3
2024/12/21 2:00,54.6,0.735,26.75,39.05,53.65,13.05,-10.6,769.7,1.1,3,-17.9,37.9
2024/12/21 5:00,50.7,0.695,27.2,35.85,48.85,12.35,-12.3,770.5,0.7,1,-18.1,35
2024/12/21 8:00,78.9,0.955,48.15,14.25,57.7,16.3,-13.8,771.3,0.7,1,-17.1,57.65
2024/12/21 11:00,54.83333333,0.835,34.05555556,32.75,53.75,21.2,-7,771.4,0.2,2,-16.2,38.1
2024/12/21 14:00,39.77777778,0.74,26.8,45.9,40.95,15.83333333,-5.2,771,-0.4,3,-17.3,26.85
2024/12/21 17:00,37.5,0.67,35.85,35,36.15,14,-6.7,771.7,0.7,1,-16.4,21.9
2024/12/21 20:00,67.15,1.015,64,10.2,74.05,20.4,-11.4,771.9,0.1,1,-16.8,47.8
2024/12/21 23:00,89,1.23,62.75,8.2,99.85,16.95,-12.2,772,0.2,1,-16.9,65.85
2024/12/22 2:00,44.65,0.83,43.05,21.95,47.4,14.55,-14.4,772.4,0.3,1,-17.4,23.9
2024/12/22 5:00,41.8,0.905,38.3,23.05,48,13.9,-15.8,772.6,0.2,1,-18,26.6
2024/12/22 8:00,49.9,1.11,50.25,10.2,52.65,18.6,-13.7,772.8,0.2,1,-15.7,30.7
2024/12/22 11:00,55.05,0.94,37.3,34.6,60.8,18.05,-3.4,772.4,-0.3,3,-13.9,32.6
2024/12/22 14:00,41.45,0.675,23.1,56.6,41.4,15.55,0.8,770.5,-1.9,2,-14.8,21.85
2024/12/22 17:00,51.05,0.77,50.1,33.55,53.75,19.6,-3.6,770.2,-0.3,0,-13.8,29.8
2024/12/22 20:00,89.1,1.105,65,13.75,100.7,23.7,-4.4,770.2,0,2,-11.9,65.75
2024/12/22 23:00,97.95,1.385,63.45,10.15,104.35,28.85,-9.3,770,-0.1,1,-13.2,73.2
2024/12/23 2:00,98.35,1.235,58.5,11.4,105.35,20.1,-8.5,770.6,0.6,2,-11.2,73.2
2024/12/23 5:00,45,0.71,33.05,31.4,46.9,16.8,-12.2,771.4,0.7,1,-14.8,26.35
2024/12/23 8:00,44.6,0.8,44.25,23.1,43,17.25,-11.6,772.7,1.3,1,-14.7,26.35
2024/12/23 11:00,32.15,0.62,26.2,47.1,32.75,15.45,-3.4,773,0.3,2,-15.7,19.3
2024/12/23 14:00,34.3,0.585,17.3,59.7,34.15,11.65,-1.8,772.1,-0.8,2,-14.9,19.7
2024/12/23 17:00,36.95,0.63,24.85,48.25,36.35,12.2,-3.8,773.1,0.9,2,-15.1,19.8
2024/12/23 20:00,41.25,0.745,38.55,34.25,41.2,11.5,-8.3,774.1,0.9,1,-14.5,25.75
2024/12/23 23:00,57.5,0.955,55.7,12.65,60.55,14.05,-12,774.4,0.4,0,-15.4,37.5
2024/12/24 2:00,76.85,1.335,61.8,7.5,82.9,14.05,-14.4,774.6,0.2,1,-16.6,54.9
2024/12/24 5:00,87.3,1.52,49.85,7.3,103.7,15.15,-15.5,774.1,-0.5,1,-17.3,64.55
2024/12/24 8:00,88.55555556,1.605,48.22222222,7.444444444,98.8,17.4,-13.6,774.1,-0.1,2,-15.4,64.6
2024/12/24 11:00,80.91666667,1.4725,48.71666667,12.92083333,89.075,17.6,-3.8,773.1,-0.9,1,-11.3,57.7875
2024/12/24 14:00,73.27777778,1.34,49.21111111,18.39722222,79.35,17.8,-1.1,770.8,-2.3,3,-15.7,50.975
2024/12/24 17:00,65.63888889,1.2075,49.70555556,23.87361111,69.625,18,-4.2,770,-0.8,1,-14.9,44.1625
2024/12/24 20:00,58,1.075,50.2,29.35,59.9,18.2,-5.2,769.3,-0.7,1,-13.8,37.35
2024/12/24 23:00,54.25,0.945,29.8,47.95,55.4,15.45,-1.1,768.8,-0.3,2,-9.5,31.85
2024/12/25 2:00,52.85,0.94,26.5,50.3,54,14.95,-4.3,768,-0.9,1,-10.1,32.35
2024/12/25 5:00,74.7,1.295,38.65,28.7,82.5,18.45,-4.4,767.2,-0.8,1,-8.7,52.3
2024/12/25 8:00,71.4,1.203333333,36.33333333,37.48333333,77.76666667,18.46666667,-3.6,766.9,-0.4,2,-6.7,50
2024/12/25 11:00,68.1,1.111666667,34.01666667,46.26666667,73.03333333,18.48333333,2.3,765.5,-1.2,4,-4.2,47.7
2024/12/25 14:00,64.8,1.02,31.7,55.05,68.3,18.5,3.8,763.9,-1.6,4,-12.2,45.4
2024/12/25 17:00,69.35,0.59,21.1,60.05,88.3,9.25,0.8,766,2,5,-19.6,20.5
2024/12/25 20:00,88.1,0.54,18.3,53.65,125.7,9.55,-3.2,768.6,2.6,4,-18.7,22.15
2024/12/25 23:00,57.95,0.555,15,49.8,65.7,9.35,-7,771.2,2.6,3,-19.9,16.05
2024/12/26 2:00,59.25,0.525,12.35,53.7,68.15,9.45,-10,773,1.8,2,-20.8,13.2
2024/12/26 5:00,56.25,0.62,26.775,40.3,62.7,13.075,-10.7,773,0,1,-20.9,15.075
2024/12/26 8:00,53.25,0.715,41.2,26.9,57.25,16.7,-10.4,773.4,0.3,2,-19.3,16.95
2024/12/26 11:00,54.9,0.69,26.05,46.35,57.45,14.9,-6.3,772.8,-0.6,2,-18.6,20.8
2024/12/26 14:00,35.15,0.505,10.25,68.15,35.15,8.55,-3.5,771.3,-1.5,4,-18.2,10.4
2024/12/26 17:00,49.1,0.55,20.4,56.1,51.65,8.7,-4.7,771.6,0.3,3,-18.5,13.85
2024/12/26 20:00,60.85,0.765,48.25,25.5,69.35,13.05,-9,772.3,0.6,1,-18.3,26.65
2024/12/26 23:00,76.1,1.04,60.7,10.75,95.45,15.6,-12.9,772.4,0.1,1,-17.6,42.5
2024/12/27 2:00,46.1,0.64,28.5,37.45,48.65,11.6,-7.4,772.6,0.4,3,-18.4,19.75
2024/12/27 5:00,31.6,0.555,23.7,39.9,31.6,13.45,-8.8,772.3,-0.4,2,-18.6,14
2024/12/27 8:00,40.35,0.76,44.05,18.5,38.9,17.95,-10.2,772.7,0.3,1,-18,18.1
2024/12/27 11:00,30.7,0.56,17.45,47.85,30.5,12.95,-6,771.9,-0.7,3,-18.3,16.55
2024/12/27 14:00,34.1,0.5,11.6,58.25,32.9,10.1,-4.5,769.9,-1.9,3,-18.7,14.7
2024/12/27 17:00,36.55,0.54,21.8,48.7,35.55,9.6,-5.5,770.2,0.2,2,-19.2,16.55
2024/12/27 20:00,51.85,0.76,47.9,20.3,55.9,14.85,-7.4,770.2,0,1,-19.3,27.4
2024/12/27 23:00,58.65,0.755,43.05,20.65,66.85,14.3,-7.8,770,-0.2,2,-18.8,29.8
2024/12/28 2:00,47.85,0.64,36.7,23.95,48.6,17.2,-10,769.5,-0.5,2,-19.2,21.45
2024/12/28 5:00,49.25,0.745,44.5,13.8,50.65,16.6,-14.2,768.8,-0.7,1,-19.5,22.4
2024/12/28 8:00,52.9,0.985,47.4,10.45,57.95,19.25,-12,769,0.2,1,-17.1,27.4
2024/12/28 11:00,63.7,1.26,38.8,32.25,75.8,25.35,-4,768.3,-0.6,3,-15.9,41.1
2024/12/28 14:00,40.95,0.635,18.75,59.95,40.95,15.3,-0.4,766.7,-1.6,3,-15.5,22.15
2024/12/28 17:00,32.25,0.545,28.55,48.35,31.65,10.05,-2,767.3,0.5,1,-15.1,15.6
2024/12/28 20:00,56.15,0.95,60.8,16.75,60.5,16.15,-8.4,768.1,0.8,1,-16,36.05
2024/12/28 23:00,70.65,1.2,65.05,10.25,81.1,17.1,-12.1,768.4,0.3,0,-16.3,48.7
2024/12/29 2:00,109.1,1.5,62.6,9.15,129.45,21.2,-13.1,768.5,0.2,1,-16.4,81.7
2024/12/29 5:00,102.75,1.555,58.4,8.2,121.7,17.85,-14.3,768,-0.6,0,-16.6,76.6
2024/12/29 8:00,80.9,1.965,50.95,7.75,100.5,22.35,-11.8,767.5,-0.5,2,-15,58.6
2024/12/29 11:00,78.85,1.885,51.2,21.3,96.65,20.7,0.1,765.8,-1.6,2,-11.9,57.65
2024/12/29 14:00,58.8,0.75,22.55,58.75,67.7,13.25,2.9,763.3,-2.6,4,-12.2,23
2024/12/29 17:00,64.55,0.77,29.1,50.1,78.6,13.55,0.7,762.3,-0.9,3,-10.4,27.4
2024/12/29 20:00,61.6,0.91,31.9,41.55,72.7,15.45,-4.5,762.7,0.3,1,-10.7,34.5
2024/12/29 23:00,59.1,0.85,31.7,40.15,67.7,14.85,-6.7,762,-0.6,0,-9.7,35.3
2024/12/30 2:00,56.85,0.92,30.75,40.15,63.45,15.1,-5.3,761.6,-0.3,2,-8.2,35
2024/12/30 5:00,68.55,1.275,42.15,22.05,77.55,19.3,-7.1,761.6,0,1,-9.2,48.4
2024/12/30 8:00,87.95,1.685,56.3,7.35,98.2,19.75,-7.1,762.5,0.8,1,-8,65.05
2024/12/30 11:00,70.15,0.79,29.25,48.75,90,17.1,1.4,762.9,0.4,5,-14.7,35.75
2024/12/30 14:00,48.45,0.5,14.1,68.55,49.05,10.25,1.7,763,0.2,4,-14.4,19.4
2024/12/30 17:00,50.1,0.515,21,58.15,51.45,9.45,-0.2,764.5,1.5,3,-14.5,16.4
2024/12/30 20:00,61.45,0.745,48.6,28.65,71.55,15,-1.4,765.7,1,2,-14.2,30.1
2024/12/30 23:00,47.55,0.57,18.45,50.8,49.35,10.8,-2.8,766.8,1.2,4,-15.5,17.4
2024/12/31 2:00,33.5,0.53,21.85,42.1,33.5,13,-4.4,767.7,0.9,2,-16,13.15
2024/12/31 5:00,33.35,0.615,35.2,25.9,33.35,13.95,-10.5,767.5,-0.2,1,-16.4,13.85
2024/12/31 8:00,39.4,0.81,45.9,15.8,40.6,15.2,-11.4,767.8,0.3,1,-15.4,17.6
2024/12/31 11:00,56.05,0.83,32.5,35.9,57.95,19.85,-2.1,766.6,-1.2,2,-14.5,26.1
2024/12/31 14:00,39.05,0.635,15.2,58.95,39.05,12.2,0.8,764.3,-2.2,4,-15.2,18.8
2024/12/31 17:00,56.15,1.24,44,32.5,62.2,24.65,-1.1,763.3,-1.2,2,-16.1,29.8
2024/12/31 20:00,63.8,1.165,48.85,25.25,71.1,22.9,-2.4,763.6,0.3,2,-15.1,40.85
2024/12/31 23:00,64.05,1.09,38.7,29,77.4,17.1,-1.2,764.8,1.3,4,-11.3,40.3
